data/NH52.asc
ncols 200
nrows 200
xllcorner 250000
yllcorner 820000
cellsize 50
[rows 70 to 104 of 200, columns 80 to 159 of 200]
179.4 229.3 267.7 287.3 292.6 328.5 336.5 344.2 334.9 332 331.2 325.4 310.9 305.7 301.5 301.4 301.1 303.2 303.2 304.7 297.9 300.3 299.9 296.9 292.4 285 278.6 272.4 266.4 261.7 260.1 258.6 260.3 269.3 274.5 278.3 281.3 283.9 284.7 286.3 285.4 284.3 283.6 284.8 284.1 281.5 276.6 272.1 266.6 259.7 249.6 241.9 235.3 228.8 222.6 214.7 207.6 199.1 195.7 194.6 195.1 195.5 195 193.2 195 198.6 203.6 215.5 226.7 238.2 249.6 255.9 262.1 269.1 276.7 284.3 287.8 296.1 311.7 321
212 250.6 278.6 288.1 314.7 327.7 335.1 340.8 330.2 327.2 326.5 317 301.5 301.1 301.8 301.3 303.3 304.4 306.7 300.3 297.1 296.5 294.7 290.7 285.7 280.3 274.4 268.8 263.4 258.5 256.9 255.5 261.8 268.7 271.9 274.4 276.8 278.3 279 279.6 279.5 278.2 276.7 277 274.5 270.8 266.6 262.6 257.6 249.9 241.9 234.4 228.1 221.8 215.2 207.7 200.9 195.2 194.8 193.9 194.6 195.3 194.2 194.3 197.8 203.6 209.6 222.8 234.6 243.9 253.1 259.9 266.7 273.2 281.1 288.3 294.8 307.2 321.8 326.7
233.9 266.8 285.9 300.7 326 335.7 337.4 334 326.5 321.5 318.2 311.8 299.8 299.9 300.3 302.3 305 305.2 307.5 297.5 292.6 291.4 289.5 285.2 280.5 276.4 272.4 267.8 261.2 255.6 253.8 253.3 261.4 265.7 267.2 268.8 271.6 272.6 273 273 270.5 270.4 268.6 267.3 262.5 259.1 256.5 252.7 248.1 242 233.8 227.6 221.2 214.8 206.9 200.4 194.9 193.8 192.4 194.8 192.4 193.4 194.9 196.6 202 210.5 219.4 229.4 241.5 250.4 258.2 264.7 271.2 277.5 285.2 293.3 301.6 317.9 324.4 314.4
252.2 285.4 296.6 316.3 330.7 334.4 332.4 322.1 322.3 316.6 313.4 299.5 300 300.5 301.5 306.5 304.6 310.5 296.4 292.1 287.6 284.9 283.9 280.5 277.6 274.6 271.3 266.6 258 251.8 250.7 254.4 258.4 260.5 261.1 262.7 265.9 267 267.9 267.1 264.2 260.8 261.2 258.7 253.2 249.5 247 243.1 238.8 231.3 225.5 217.9 213.3 206.6 197 194.6 194.9 192.7 195.1 194.9 194.2 195.6 196.4 200.1 208.4 218.3 226.7 237.4 248.6 257.1 263.2 268.7 275 281.7 289 297.6 306.5 314.5 318.6 323.5
274.1 294.2 303.7 317.9 330.1 323.5 318.7 319.5 313 312.2 304.1 298.5 299.5 300.1 306.4 305.2 307.5 300.9 287.3 285.7 283.6 280.9 280.4 278.3 276.1 273 274.6 268.3 254.8 248.3 248.7 251.4 253.4 251.6 252.6 255.4 260.6 262.4 262 259.9 257.7 253.9 251.2 247.1 241.8 237.5 237.3 232 227.6 221.9 216.4 209.3 203.1 195.7 194.6 193.9 194.4 194.6 194.4 194.1 194.1 195.6 197.7 205.8 214.3 225.1 235.2 244.8 254.1 261.3 267.3 272.8 278.6 285.3 293.3 301.8 309.7 318.6 326.4 321.9
284.8 296.8 304.7 318.8 320.7 322.7 315.5 309.1 309.1 306.8 298.9 296.5 300.2 297.4 302 295 290.4 285.8 283.2 281.3 279.6 277.8 276.4 275.1 273.9 273.9 278.1 269.3 257.5 247.6 245.6 247.2 245.1 242.7 245.1 249.7 255.4 255.9 254.2 252.2 249.7 244.9 240.2 234.4 229.5 225.6 222.5 219.8 218.1 214.6 207.9 202.7 196.7 192.4 194.3 192.3 191.8 194.9 194.7 194.4 194.9 197 203.6 211.6 221.4 232.4 242.3 250.6 257.4 264.6 270.6 276.6 282.3 289.3 297.3 304.4 311.6 317.8 318.7 328
293.8 303.9 310.5 311.9 321.5 317.8 313.8 301.5 305 298.7 297 292.6 291.2 289.8 290.1 287.8 284.6 281.9 280 278.1 276.2 275.3 273.9 273.2 273 281.5 278.1 267.7 254.5 245.4 238.3 239.8 236.9 237.5 240.5 246.7 250.4 247.9 246 244.2 239.6 234.6 227.8 221.6 217 213.7 211.5 209.3 208.7 208.3 200.4 195.5 193.5 193.4 193.4 194.5 193.8 194.3 195.1 194.8 197.1 201.6 208.7 219.4 229.9 239.1 248.3 255.2 261.9 267.4 273.3 279.3 285.4 292 299.1 305.5 310.8 314.1 317 317.1
290.2 304.3 303.2 308.2 316.4 311.9 303.7 297.2 299.6 293.1 287.8 284 283.9 284.6 284.1 281.6 280.2 277.9 276.4 275.4 273.5 273.5 273 271.9 276.9 280.2 271.1 259.3 247.1 242.8 236.8 234.5 232.6 236.2 238.5 243.1 243.8 241.7 236.7 232.7 225.3 219.2 212.6 205.7 203.1 203.5 201.4 199.4 198.3 198.1 195.1 192.2 194.4 193.7 193.3 194.4 193 193.7 194.7 196.3 200.1 205.3 215.6 227.6 237.1 245.2 253.3 259.6 265.1 270.3 275.8 281.4 287.2 293.8 299.8 305.5 309.9 313.1 316.4 325.1
293.5 300.8 299.9 306.2 309.8 304.8 290.5 296.6 288.8 282.7 277.6 279 279.1 279.3 277.8 276.1 274.9 273.6 272.4 271.7 270.8 271.6 272.2 276.4 281.5 271.8 258.5 247.4 241.1 238.3 235.2 232.2 230.5 230.3 236 238.2 236 231.2 225.1 217.9 211.7 205.9 201.6 197.8 196.7 198.2 195.1 194.7 194.4 193.4 193.7 193.7 194.4 194.3 194.2 194.3 194.3 194.6 196.2 198.8 204.1 211.8 221.6 232.8 241.6 248.9 256.5 262.6 267.9 273.1 278.6 283.9 289.2 294.2 299.8 305.5 308.8 312 315.2 321.6
293.1 299.3 295.8 298.4 301.3 290 283.5 282.2 275.9 272.4 272.6 275 275.1 274.2 272.9 271.2 270 269.3 269.2 268.5 268.2 270.7 275.4 272.4 267.3 254.6 247.3 238.7 234.4 233.2 231.7 230.9 229.1 229.4 231.4 230.6 224.3 217.3 207.1 200.2 197.4 198.2 198 195.7 194 195.6 193.3 193.8 193.7 191.5 193.8 194 194.1 194 194.8 196.5 195.3 197.6 197.7 203.2 211.3 220.2 229.8 237.6 245.9 252.6 259.2 264.7 270.1 274.5 279.9 285.2 290.2 294.4 300 304.9 307.7 312.2 318.5 320.5
291.5 298.3 292.6 292 290.2 278.3 271.9 270.3 267.2 266.8 269.9 270.7 270.3 269.1 267.6 266.8 266.3 265.5 265.3 265.6 271.4 271.3 265.2 256.2 246.3 238.8 234.7 231.9 228.6 225.3 226.4 226.4 223.6 225.9 226 220.6 211.1 205.6 200.9 194.7 194.2 198.5 198.3 195.7 193.6 193.7 192.9 193.7 191.5 191.3 193.5 193.5 193.5 195.4 198.4 197.2 196.4 197.6 201.4 208.3 218.1 227.1 235.7 243.9 250.3 255.1 261.7 267.1 271.9 275.5 281.1 286.4 290.8 294.8 299.1 302.1 306 312.2 309.2 307.7
290 289.3 284.1 282.2 268.9 266.2 262.4 262.2 260.3 263.4 266.1 266.2 265.3 263.6 263.1 262.5 262.1 261.6 260.9 257.3 258.8 253.9 247.5 242.6 232.8 226.7 225.7 226.8 222.4 223.4 223.7 217.6 218.1 220.3 215.2 208.9 201.9 200.2 195.8 193 196 198.2 198.2 194.7 193 193.6 191.7 192.2 192.1 191.6 193.5 193 193.6 197.8 200 197.2 196.9 198.7 206 213.3 223 232.7 240.4 248.3 254.2 259.3 264.3 268.9 273.4 276.9 282.1 287.6 290.8 293.7 297.5 299.5 302 304.2 303.1 291.1
279.3 275.3 269.3 258.4 255.3 253 254.5 254.4 255.4 259.8 260.7 258.2 259 259.4 258.8 258.3 257.8 257.3 255.1 246.6 242.8 238.7 238.7 229.8 221.3 217.2 215.8 214.5 215.8 218.8 219.3 209.4 210 208 203.2 198.4 195.1 193.6 193.5 193 191.6 194.3 193.5 191.9 193.4 192.1 193.5 193.5 193.2 193.2 193.5 193.5 195.8 202.8 200.4 198.8 198.3 204.7 212.4 219.6 228.5 237.4 245.1 251.6 257.2 262.1 266.9 271 274.8 278.4 282.7 287 289.3 292.3 295.8 298.9 301 297.6 292.2 283.2
268.6 263.9 256.7 244.3 242.3 246.4 247.4 248 251.6 254.9 254.4 254.1 255.2 254.2 253.9 253.7 253.5 251.4 246.6 237.5 232.5 227.9 224 217 214 212.7 211.9 210.9 211.8 212.1 202.1 201.4 197.2 194.9 193.4 192.6 192.9 192.5 192.5 193.3 193.3 192.1 191.1 193.4 193.1 193.1 193.1 193.1 193 193 193.1 195 200 202.4 199.2 198.7 201.4 210.7 217.9 226 234.9 242.2 248.8 254.6 260.1 264.3 268.4 272.2 275.9 279.4 282.5 286.6 288.7 291.8 295.7 300.5 298.4 292.6 286 278.9
258.6 253.7 244.8 233.5 235.5 239.5 240.3 242.8 246.9 248.1 250 251.2 251.1 249.9 249.5 249.1 248 244.6 240.8 232.3 223.5 219.5 217.2 214.3 213.7 212.5 211.2 214 210.5 202.8 198.7 196.2 193.9 193.6 193 192.4 192.8 192.7 193 190.7 193.2 193.2 193.2 193 192.9 192.8 192.7 192.9 193.6 194 193.7 200.5 204.3 200.6 199.3 202.5 208.6 214.8 222.9 233.4 240.2 247.6 253.3 258.8 263.2 267.6 271.7 275.1 278.4 280.8 283.4 285.9 288.2 291.3 294.8 298.6 293.1 286.5 284.1 278.8
251 248.2 232 228.7 230.1 231.7 234.5 238.3 241.7 245.1 246.7 245.8 245.2 245.4 244.4 243.5 242.6 239.2 236.2 229.8 221.9 216.7 214.7 213.2 214.2 215.8 214.2 210.6 206.6 201 196.1 194.4 192.8 192.7 192.1 192.7 192.3 192.9 192.7 192.9 192.5 192.7 193 192.5 192.3 192 193.8 194.7 195.4 196.7 200.3 205.6 202.1 200.6 199.9 209.1 216.9 222.1 228.8 238.3 246.1 252.1 257.8 262.5 266.8 271.2 275 278.1 280.1 282.7 284.4 286.1 288.2 288.9 290.6 290.9 286.4 284.9 288.8 280.1
243 236.2 223.5 223.6 224.3 226.6 231.8 236.3 240.1 241.9 242.1 240.9 239.7 239.3 238 237.3 238.5 238.6 236.1 226.7 223.9 222.4 224.3 227.8 223.4 215.4 209.3 208.1 203.8 196.9 193.7 192.3 192.4 192.1 190.8 190.2 192.8 192.7 192.3 192.1 192.1 192.4 192.7 192.4 193.3 194.5 197.3 199.3 200.9 203.2 205.1 204.4 201.5 200.4 206 214.7 220.5 226.5 234.7 243.4 250 255.1 261.2 266.3 270.5 274.5 277.8 280.2 281.8 283.3 284.9 286.4 286.8 287.2 287.8 285.2 284.3 286 293.4 278.8
232.1 217.8 217.6 217.3 220.1 223.5 228.7 233.2 235.4 236.6 236.5 235.4 234.4 233.2 231.7 234.1 246.4 247.3 230.3 229.6 231.7 230.5 228.2 228.7 223.9 211.9 210.2 205.9 194.1 191.4 191.7 192.3 192.7 192.4 192.4 191.1 192.6 192.4 191.9 191.5 191.6 191.6 193.5 194.3 196.4 198.7 202.6 205.7 207.1 207.6 206.8 203.6 202 204 211 218.8 224.3 231.7 240.8 247.3 254.3 260.5 265.8 269.7 273.4 277.3 280.2 282.4 283.3 284.1 285.1 285.6 286 286.4 286.1 284.2 282.4 285.3 290.7 280.6
216.9 212 211.4 212.5 216.7 222.2 226 228.1 230.2 231.1 230.9 229.9 229.6 230.1 229 234.4 247 236.9 231.4 236.8 238.7 236.6 226.9 220.8 217.2 214 207.9 195.1 191.3 191.2 191.9 192.5 192.5 189.6 192.5 192.3 192.2 192 191.6 192.3 192.8 194.2 198.1 199.8 203.3 205.9 209.1 211.9 213.6 209.4 206.2 203.7 203.6 210.6 217.5 223.7 229.7 237.5 246.2 252.7 259.4 264.4 270.5 274 277 280 282.7 284 284.7 285.5 286.1 286.3 286.5 286.6 284.1 281.5 277.4 274.7 277.1 262.5
215.3 210.1 209.2 209.4 213.2 218.7 220.4 222.6 225.2 225.7 225.3 224.8 226.6 229.1 225.6 228.2 233.1 232.9 240.1 243.6 244.7 241.2 222.8 217.6 214.9 210 199.1 191.4 190.9 191.6 192.1 192.3 192.2 191.5 192.2 192.1 191.5 191.5 191.8 196.1 198.8 199.9 202.9 207.8 209 212.6 217 216.3 213.8 209.4 206.1 204.1 207.5 214.7 222.3 228.1 235.9 243.1 250.7 257.8 265.3 270.1 275 277.8 281.1 286.4 285.1 285.6 286.1 286.9 287.5 287.7 287.5 287.3 283.8 280.3 270.1 259.4 250.1 238.6
208.6 209.4 208.5 208.1 210.8 216.8 215.4 218 220.3 220 219.5 219.7 224.8 220.2 217.7 219.2 226.6 235.3 240.4 242.1 238.6 229.6 220 215.6 211 206.3 197.8 190.8 190.5 191.6 191.9 192.1 191.9 192 192.1 192.6 192.8 193.1 195 199.6 204.8 209.2 213.4 217.4 218.3 223 222.1 218.2 213.8 209.7 208.3 206.7 211.7 218.8 226.7 233 241 249.1 255 262.2 270.1 275.6 278.1 281.2 285.7 287 287.5 288.2 288.5 288.8 288.7 288.4 288.3 287.2 283.7 280.4 270.5 261 248.3 237.7
207.2 207.3 208.8 205.7 207.9 213.6 212.1 214.5 214.9 214.3 213 213.8 213.8 210.4 209.5 214.2 225.9 240.1 242.5 240.4 232.4 221.8 217.3 212.8 207.7 202.6 195.8 190.5 191.4 192.1 192.3 190.3 193.1 194.1 194.6 196.4 198.8 200.4 201.3 205.4 213.1 219.3 227.7 230 229.4 229.8 223.9 218.4 214.9 211.5 209.7 210 214.3 222.2 230.4 239.3 246.4 253 260.1 266.8 271.3 277.2 281.2 285.4 287.3 286.9 289.8 290.7 291 290.9 290.6 289.4 289.1 287.2 283.9 280.6 271.5 261.1 247.2 235.5
206.5 209 206.5 202.6 204.6 207.7 209.2 210.8 210.2 208 205.5 206.1 203.5 201 202.6 213 229.8 241 238.8 234.4 227 217.8 215.2 211.6 206 199.2 193.4 191.2 191.8 190 190.9 193.1 195.6 201.8 202.6 204.3 208 208.1 208.2 213.4 220.6 232 241.3 240.4 236.7 230.5 223.2 218.6 216.2 213.2 210 212.9 219.6 227.3 235.4 243.7 251.3 258.1 264.7 270.3 274.7 279 285.1 287.3 287.1 289.9 292.1 292 292 293.1 291.8 290.4 290.3 289.8 285.5 279.9 268.3 257.4 244.9 235.1
208.4 208 202.3 199.6 201 203.6 205 205.3 203.8 200.5 197.9 195.7 194 193.9 198.7 211.1 228.7 234.1 229.8 224.3 220.6 219.5 214.5 208.1 202.7 196.2 190.8 191.3 192 192.3 192.7 193.9 204.1 212.7 220.1 215.3 217 214.8 217.6 223.3 231.8 243.4 249.7 245.4 236.5 229.9 224.3 220.9 217.5 214.1 214 217.3 223.2 231.4 238.5 246.5 254.6 261.7 267.9 273.4 277.3 281.2 285.5 286.6 289 290.9 291.7 293.2 295.4 294.2 292.7 292.5 293.1 294.6 288.7 275 262.7 252.1 241.6 234.6
209.3 206.9 197.5 195.5 197.4 199.7 200.3 198.3 194 191.2 190.1 189.2 189.3 190.6 199.4 214.9 224.7 220.7 217 218.9 224.9 221.3 210.2 199.8 196.8 192.9 190.4 191.1 191.9 192.1 189.7 198.4 210.1 220.8 233.9 230.6 233.8 226.6 229.7 233 242.7 254.6 252.3 245.4 235.7 231.6 226.8 223.5 220.3 215.5 216.7 221.3 228.8 234.4 241.1 248.9 257.2 264.5 269.8 274.9 279.1 282.8 285.2 287.6 289.7 291.2 293.2 296.4 297.5 295.1 295.1 296.7 302.2 299.1 284.4 269 257.9 248 239.3 232.7
209.9 199.9 193.4 191.7 194.1 195.3 194.6 189.4 184.4 184.7 184.6 185.3 186.7 190.7 202.9 213.8 207.3 209.5 213 221.1 223.7 216.5 201.9 195.2 193 190.3 191 191.8 191.1 191.4 194.4 205.3 212.6 221.9 230.9 237.9 245.7 250 254.1 247.1 253 260 254.5 243.4 237.6 234.2 228.7 224.8 219.5 219.7 220.8 224.1 231.1 237.8 243.4 250.9 258.7 266 271.3 276.4 280.8 284.2 286.8 288.6 290.8 292.8 298.4 299.2 297.2 297.3 297.6 307 302.6 292.3 276.1 265.8 254.8 244.1 236.9 232.1
201.2 192.7 188.1 189.9 191 190.1 186.5 181.8 178.6 181 184.4 186.2 191.3 197.8 200.3 199.6 197.9 196.4 195.7 202.3 210.9 207.4 195.5 192.7 190.7 191 191.7 192.5 189.9 197.1 209.5 219.2 221.3 223.1 234.5 245.5 257.6 266.7 278.3 265.6 263.4 260.3 249 244.8 241.5 236.4 231 224 219.8 222.2 225.5 228.9 232.6 241 245.9 252.2 260 267.3 272.9 278 282.6 285.9 288.4 290 293.2 298.1 301.3 298.1 298.1 297.8 299.2 303.2 300.8 283 272.6 262.1 251.1 242 235.8 232.2
191.8 187 184.3 186.9 185.9 182.9 179.5 175.6 179.1 189.2 194.2 194.5 199.7 195.8 195.5 195.1 195.2 194.4 194.2 193.8 193.5 193.4 192.6 191.6 191.5 191.5 189.5 191.2 192.2 204.6 214.1 220.2 224.8 228.3 240.6 246.9 257.9 272 284 280.7 270.2 258.8 248.3 247.1 243.6 238.8 231.3 224 222.7 225.9 229.3 233.6 237 242.8 249.8 255.4 261 268.2 275 280.1 284.3 287.5 290.2 292.1 295.3 298.2 298.3 296.9 298.5 298.4 299.9 304.4 288.5 278.7 269.4 258.5 246.7 240.4 235.2 231.9
185.9 181.1 181.9 181.8 179.8 174.4 173.5 180.6 193.6 202.8 205.8 194.4 193.4 193.7 193.7 193.6 193.3 193.1 192.8 192.6 192.3 192 191.7 191.7 191.6 191.7 191.6 191.9 192.3 197.4 213.9 223.2 229.4 235 240.2 247.1 256.9 268.8 280.1 285.6 269.9 255.7 249.8 248.8 245.6 238.3 229.2 224 226.2 229.5 232.1 237.1 241.8 245.2 251.5 256.6 262.2 268.9 277 281.8 286 289 291.7 294.4 297.2 297.1 296.9 297.1 296.8 296.8 296.2 292.7 284.1 275.5 265.8 254.7 245.6 239.3 234.8 232.6
179 178.5 176 175.7 171.5 173.2 179.2 196 210.3 215.6 202.2 192.6 192.5 192.7 192.7 192.6 192.5 192.1 191.9 191.5 191.2 190.8 190.9 191.6 191.3 191.6 190.2 192 192.9 195.8 209.8 224.2 230.7 237.5 242.1 246.6 254.5 262.2 275.1 275.8 263.6 260.3 255.2 252.8 248.8 236.3 227.3 227.5 229.3 232.4 235.9 240.8 245.3 248.6 254.4 258.6 263.3 271 278 282.9 287.2 290.1 292.9 295.7 296.9 297.3 297.2 297.5 297 296.6 293.4 287.9 281.7 271.6 261.4 252.4 244.8 238 234.5 234.8
172.4 171.2 166.5 168.4 174.1 192.7 181.6 202.9 212.8 203.8 191 192.3 193.2 193.4 193.2 193 192.3 191.7 191.5 191.4 191.1 190.8 191.5 191.7 191.4 190.6 191.5 193.1 201 208.4 215.7 227.6 234.7 239.6 243.1 246.9 254.6 260.8 267.9 271.4 270.4 265.3 263.6 259.3 246.7 233 230.2 231.2 233.4 236.9 239.9 243.1 247.5 251.4 255.6 259.5 264.3 270.2 277.9 283.7 288.3 291.2 294.1 296 296.8 297.5 297.5 297.5 295.7 293 293.4 288.2 278.4 269 258.7 250.7 243.9 238.1 235.9 236.2
164 162.3 160.1 164.9 185.8 191.3 183.3 194.3 195.8 190.3 194.1 192.7 193.6 193.7 193.5 193.2 192.1 191.3 191.2 191 190.9 190.7 191.4 191.3 191.3 190.8 191.7 193.1 201.1 215.3 224 232.1 240.5 243.7 244.2 248.2 254.7 263.2 270.1 277.9 274 270.7 270 257.9 240.2 233.8 232.3 233.5 236.8 240.2 243.6 246.6 251 254.9 258 261.6 266.2 271.7 278.4 284.5 288.5 292.2 295 296.3 297.7 299.5 299.6 299.1 298.1 298.5 296 285.1 273.8 265.9 256.2 249 242.8 238.6 237.4 240.9
157.3 155.8 156.6 171.7 193.9 195.8 192.3 189.4 189.1 199.6 196.1 192.8 193.6 193.8 193.7 193.3 191.9 190.9 190.8 190.7 190.6 190.9 190.9 191.4 191.5 191.5 197.8 201.7 204.8 219.3 227.4 234.9 242.9 247.4 247.8 253.3 260 272.2 270.2 278.7 277.8 276.1 269.2 250.2 238.5 235.8 234.3 237.2 240.4 243.7 246.9 250.2 254.2 258.1 261.3 264.6 268.1 273.3 279 284 288.5 292.3 295.7 297.2 299 302.3 302.6 301.3 305.1 300.9 291.3 280.1 269.9 262.3 253.6 246.8 241.7 239.5 240.6 248.7
151.2 152.7 173.7 189.5 195.3 189.8 187.6 188.8 191.3 193.4 192.5 191.6 192.7 193.2 193.8 193.1 191.7 190.6 190.5 190.4 190.4 191.2 191.2 191.6 192.6 193.5 197.2 205.3 211.6 224.5 233.4 237.3 241.8 246.8 253.7 261 267.1 270.3 273.5 278.6 277.2 276 262.6 242.5 238.9 236.3 238 241.2 244.3 247.5 250.8 253.9 257.5 261 264.2 267 269.9 275 279 283.9 288.1 292.2 295.4 298 302.1 307.7 309.4 304.8 309.2 297.4 284.9 275.1 267.2 259.4 251.4 245 241.8 241.9 248.2 258.4
150.1 175 183.6 192.2 192.9 182 193.5 190.7 191.7 191.8 190.4 190.4 189.9 190.8 191.8 192.2 190.8 191.3 191.3 190.8 190.5 191 191.2 191.4 192.1 192.7 197.9 208.4 218.8 230.6 237.1 240.3 243.3 248.4 257.3 266.5 272.6 273.4 272 271.7 268.9 266 254.8 240.3 238.8 238.2 241.5 244.9 248.2 251.4 254.6 257.6 260.6 263.3 266 268.7 271.8 276 278.9 283.7 287.8 291.4 294.8 298.2 304 310.4 306.6 301.1 300 286.3 278.9 271.9 264.6 256.8 249.9 244.4 243.2 248.1 262.7 268.5
