data/NH52.asc
ncols 200
nrows 200
xllcorner 250000
yllcorner 820000
cellsize 50
[rows 0 to 34 of 200, columns 0 to 79 of 200]
47.4 47.9 48.3 48.5 47 47.8 47.2 45.3 44 40.5 38.6 39.5 35.8 31.1 30.3 28.5 28.6 28.3 28.3 27 26.8 26.6 26.2 25.1 26.6 26 24.8 25.3 24.7 23.8 24.6 25.4 25.3 25.8 24.6 23.5 21.8 20.2 20 19.3 19.3 20.5 20.2 19.7 19.2 18 17.6 17.9 18.9 20.5 21 20.6 17.4 16.7 15.7 15.3 15.3 15.3 15.3 15.3 15.3 15.3 15.3 15.3 15.3 15.3 15.3 15.3 15.3 15.3 15.3 15.3 15.3 15.3 15.3 15.3 15.3 15.3 15.3 15.3
49.2 48.9 50.3 49.7 48.4 48 48.2 47.7 47.1 48.5 46.7 45.4 43.4 42.3 33.8 29.3 28.5 28.4 27.4 26.6 27.1 26.6 26.1 25.9 25.5 25.3 24.5 23.6 24.5 23.6 23.2 23.9 23.8 23.4 22.9 22.3 20.8 19.6 19.1 18.7 18.6 18.9 19.1 19 18 17.6 17.4 17.1 16.6 16.3 16.2 16.4 16.5 15.8 15.3 15.3 15.3 15.3 15.3 15.3 15.3 15.3 15.3 15.3 15.3 15.3 15.3 15.3 15.3 15.3 15.3 15.3 15.3 15.3 15.3 15.3 15.3 15.3 15.3 15.3
52.8 52 51.8 51.5 50.3 50 49.9 49.6 49.7 56.8 52.2 49.6 44.6 41.1 39.5 30.4 28.3 27.4 26.9 26.8 26.9 26.4 25.7 25.1 24.8 24.6 24.2 23.4 24.1 23.6 22.5 22.5 22.5 21.9 21.4 21 19.9 19.4 19.2 18.8 18.7 18.5 18.1 18.2 17.6 17.4 17 16.8 16.6 16.2 15.9 15.9 15.3 15.3 15.3 15.3 15.3 15.3 15.3 15.3 15.3 15.3 15.3 15.3 15.3 15.3 15.3 15.3 15.3 15.3 15.3 15.3 15.3 15.3 15.3 15.3 15.3 15.3 15.3 15.3
56.3 55.1 54.2 53.1 53.2 54.8 56.8 52.9 49.2 52.6 56.8 50.2 45.8 43.6 37.6 31.1 28.3 27.4 27 27 26.5 26 25.4 24.8 24.5 24.4 23.9 23.2 22.7 22.6 22.2 21.4 21.2 21.1 20.4 19.6 20.1 19.9 19.6 19.1 18.8 18.5 18.1 17.8 17 16.6 16.3 16.4 17.2 16.3 15.5 15.3 15.3 15.3 15.3 15.3 15.3 15.3 15.3 15.3 15.3 15.3 15.3 15.3 15.3 15.3 15.3 15.3 15.3 15.3 15.3 15.3 15.3 15.3 15.3 15.3 15.3 15.3 15.3 15.3
62.5 62.1 62.1 62 64.3 64.4 62.1 60.1 51.2 49.6 52.3 47.5 44.1 40.5 32.5 29.4 28.3 27.7 27.1 26.6 26.1 25.6 25.1 24.5 24.3 24.2 23.6 23.2 22.7 22.2 21.6 21 20.6 20.6 20.2 19.7 18.4 20.3 19.9 19.4 18.9 18.5 18.1 18.1 17.3 15.9 15.7 16.3 17.2 16.1 15.3 15.3 15.3 15.3 15.3 15.3 15.3 15.3 15.3 15.3 15.3 15.3 15.3 15.3 15.3 15.3 15.3 15.3 15.3 15.3 15.3 15.3 15.3 15.3 15.3 15.3 15.3 15.3 15.3 15.3
77.7 77.9 79.7 81.5 82.8 73.2 63.7 60.3 52.5 47.5 48.9 46.2 42.8 35.8 31.1 29.7 28.8 28.4 28 27.7 27.2 26.7 26.2 25.3 24.2 24.1 23.7 23.3 22.7 22.1 21.5 21.2 20.6 20.4 20 19.6 18.7 18.8 18.6 18.7 18 18.6 18.4 18.4 18.3 16.7 15.3 15.3 15.3 15.3 15.3 15.3 15.3 15.3 15.3 15.3 15.3 15.3 15.3 15.3 15.3 15.3 15.3 15.3 15.3 15.3 15.3 15.3 15.3 15.3 15.3 15.3 15.3 15.3 15.3 15.3 15.3 15.3 15.3 15.3
99.7 98.9 96.6 101 95.7 77.8 65 60.4 50.9 47.4 47.1 46.2 42.9 32.7 31.4 30.2 29.7 29.4 28.9 28.7 28.3 27.8 26.4 26.2 25.8 24.9 23.8 23.2 22.6 22 21.7 21.2 20.6 20.3 19.8 19.4 19.5 20.1 20.7 20.4 19.3 17.8 17.8 18 18.3 15.9 15.4 15.3 15.3 15.3 15.3 15.3 15.3 15.3 15.3 15.3 15.3 15.3 15.3 15.3 15.3 15.3 15.3 15.3 15.3 15.3 15.3 15.3 15.3 15.3 15.3 15.3 15.3 15.3 15.3 15.3 15.3 15.3 15.3 15.3
122.3 120.2 114.7 109 94.5 75.5 64.3 59.5 50.6 47.4 44.4 40.5 38.7 33.4 32.1 31.6 31 30.5 29.8 29.6 29.4 28.1 26.9 26.7 25.8 25.8 25.8 24.2 22.3 22.5 21.9 22 21.2 20.8 20.3 20.3 20.8 21.4 21.9 21.8 20.7 19.1 17.6 16.8 16.3 15.5 15.3 15.3 15.6 15.6 15.3 15.3 15.3 15.3 15.3 15.3 15.3 15.3 15.3 15.3 15.3 15.3 15.3 15.3 15.3 15.3 15.3 15.3 15.3 15.3 15.3 15.3 15.3 15.3 15.3 15.3 15.3 15.3 15.3 15.3
134.5 127.2 117.3 104 88.6 71.3 62.3 53.9 49.5 44.3 36.9 35.9 34.7 33.9 32.9 32.5 32.1 31.5 30.8 30.3 29.8 28.6 28.5 28.1 26.3 26.6 26.5 25.6 25.5 23.3 24.5 23 22.5 22 21.9 22 21.7 21.9 22.3 22.2 21.7 21 19.8 18.7 17.8 15.7 15.1 15.9 16.1 15.4 15.3 15.3 15.3 15.3 15.3 15.3 15.3 15.3 15.3 15.3 15.3 15.3 15.3 15.3 15.3 15.3 15.3 15.3 15.3 15.3 15.3 15.3 15.3 15.3 15.3 15.3 15.3 15.3 15.3 15.3
144.8 121.7 107 91.6 78.8 66.5 60.4 52.3 48.7 42.6 37.2 35.8 35.4 35.6 34.3 33.8 33.3 32.5 31.7 31 30.4 30 29.6 29.5 27.3 27.6 27.2 26.1 25.5 24.5 24.2 24.5 25.3 24.7 24.2 23.1 22 20.9 21.2 21 20.4 19.6 19.1 19.4 18.5 16.9 15.7 16.4 16.4 15.4 15.3 15.3 15.3 15.3 15.3 15.3 15.3 15.3 15.3 15.3 15.3 15.3 15.3 15.3 15.3 15.3 15.3 15.3 15.3 15.3 15.3 15.3 15.3 15.3 15.3 15.3 15.3 15.3 15.3 15.3
130.9 108 94 85.6 72.3 61.6 59.1 50.5 44.9 43.5 40.9 41 36.8 36.7 35.7 35 34.2 33.4 32.6 31.8 31.3 31.1 30.8 29.7 28.5 28.5 27.6 26.2 25.7 25.1 25.1 25 24.9 24.5 22.9 22.4 21.9 20.1 20 19.8 19.1 18 18.2 18.1 16.5 16.5 16.7 15.7 15.6 15.3 15.3 15.3 15.3 15.3 15.3 15.3 15.3 15.3 15.3 15.3 15.3 15.3 15.3 15.3 15.3 15.3 15.3 15.3 15.3 15.3 15.3 15.3 15.3 15.3 15.3 15.3 15.3 15.3 15.3 15.3
110.5 98.1 85.6 77.4 69.1 59.6 58.7 58.8 47 43.7 41.3 39.8 37.3 37.3 36.5 35.9 35.1 34.3 33.5 32.7 32 31.6 31.6 31.1 29.2 29.2 29 28.5 27.3 26.7 26.1 25.2 24.3 24.1 22.6 21.6 21 20.5 22.4 19.6 20.4 20 19.5 18.4 18.4 17.3 17.3 15.4 15.3 15.3 15.3 15.3 15.3 15.3 15.3 15.3 15.3 15.3 15.3 15.3 15.3 15.3 15.3 15.3 15.3 15.3 15.3 15.3 15.3 15.3 15.3 15.3 15.3 15.3 15.3 15.3 15.3 15.3 15.3 15.3
100.1 88.4 79.7 71.9 64 58.5 58.2 58.3 53.4 46.8 45.4 41.9 39.3 38.3 37.4 36.8 36.2 35.3 34.3 33.7 32.7 32.8 32.7 30.7 30.6 30.1 29.7 28.3 27.2 26.6 25.6 24.6 23.8 25.2 24.2 23.3 22.4 22.2 22.1 20.2 19.8 19.8 19.5 18.3 18.6 17 16.5 15.3 15.3 15.3 15.3 15.3 15.3 15.3 15.3 15.3 15.3 15.3 15.3 15.3 15.3 15.3 15.3 15.3 15.3 15.3 15.3 15.3 15.3 15.3 15.3 15.3 15.3 15.3 15.3 15.3 15.3 15.3 15.3 15.3
94.9 86 75.5 67.1 60 57.9 57.2 57.3 57.4 54.2 46.2 45.1 40.1 39.3 38.7 38.1 37.3 36.4 35.4 34.9 34.3 33.6 33 31.9 30.8 30.2 28.8 27.8 27.3 26.2 25.7 26.7 25.9 25.4 24.6 23.7 22.7 22 21.7 20.5 19.8 19.5 19.5 18.4 18.3 17.1 15.3 15.3 15.3 15.3 15.3 15.3 15.3 15.3 15.3 15.3 15.3 15.3 15.3 15.3 15.3 15.3 15.3 15.3 15.3 15.3 15.3 15.3 15.3 15.3 15.3 15.3 15.3 15.3 15.3 15.3 15.3 15.3 15.3 15.3
91.3 81.5 71.9 64.1 58.9 57.3 56.5 56.3 56.9 56.3 55.9 42.5 40.8 40 39.6 38.6 38.2 37 36.5 36.1 34.6 33.7 33.2 32 31.2 30.8 29.4 28.1 28 26.4 27.5 26.9 26.3 25.5 25 24.2 23 22.3 21.5 20.8 20.1 19.4 19.3 18.6 18.2 17.1 15.4 15.3 15.3 15.3 15.3 15.3 15.3 15.3 15.3 15.3 15.3 15.3 15.3 15.3 15.3 15.3 15.3 15.3 15.3 15.3 15.3 15.3 15.3 15.3 15.3 15.3 15.3 15.3 15.3 15.3 15.3 15.3 15.3 15.3
87.7 77.8 70.2 62.5 57.7 56.8 55.9 55.3 55.9 55.3 45.6 43.3 41.3 41.6 40.3 40.2 39.2 38.3 37.8 36 34.7 34.2 34.6 33.4 31.8 31.4 30.7 29.6 27.5 28.1 27.9 27.4 26.5 26 25.3 24.6 25.1 26.4 23.4 22.9 21.3 19.7 19.1 18.7 18.3 17.5 15.9 15.3 15.3 15.3 15.3 15.3 15.3 15.3 15.3 15.3 15.3 15.3 15.3 15.3 15.3 15.3 15.3 15.3 15.3 15.3 15.3 15.3 15.3 15.3 15.3 15.3 15.3 15.3 15.3 15.3 15.3 15.3 15.3 15.3
83.9 74.7 67 59.8 56.9 56.2 55.4 55.2 52.7 45.2 44.8 43.7 43.6 42.7 42.2 41.3 40.5 39.6 38.5 37.8 36.3 35.5 35.3 33.1 31.9 31.5 31.3 29 29.7 29 27.9 27.1 26.8 27.4 27.8 25.8 31.6 31.3 28.9 24.5 24.4 22.8 21.6 20.4 18.7 18.3 17.3 15.3 15.3 15.3 15.3 15.3 15.3 15.3 15.3 15.3 15.3 15.3 15.3 15.3 15.3 15.3 15.3 15.3 15.3 15.3 15.3 15.3 15.3 15.3 15.3 15.3 15.3 15.3 15.3 15.3 15.3 15.3 15.3 15.3
80.4 71.8 64 58 56.1 55.6 55.2 51.8 48.1 45.4 45.5 44.4 44.3 43.9 43 42 41 40 38.8 37.6 36.6 36 34.8 33.6 31.4 32.2 32.1 31.9 30.9 28.7 28 27.2 27.4 39.5 33.5 35.7 39 35.7 30.8 30 28.3 27.3 26.9 24.9 24.4 23.7 21.6 20.7 19.9 18.7 18.3 17 15.3 15.3 15.3 15.3 15.3 15.3 15.3 15.3 15.3 15.3 15.3 15.3 15.3 15.3 15.3 15.3 15.3 15.3 15.3 15.3 15.3 15.3 15.3 15.3 15.3 15.3 15.3 15.3
76.7 68.8 61 56.7 55.6 55.2 52.9 48.4 47.9 47.5 47.5 46.7 46 44.2 43.2 42.3 41.3 40.3 39.1 37.8 36.9 35.8 35.2 33.5 33.3 33.2 33.2 30.9 30 29.6 28.9 29.9 38.2 43.7 39.9 42.1 43.4 41.1 38.9 34.8 35.4 36.2 34 32.3 32.5 33.3 33.5 32.3 32.6 32 32 31 29.6 28 27.8 29 28.2 22.3 15.3 15.3 15.3 15.3 15.3 15.3 15.3 15.3 15.3 15.3 15.3 15.3 15.3 15.3 15.3 15.3 15.3 15.3 15.3 15.3 15.3 15.3
75.1 68.2 59.5 55.4 54.7 53.9 51.5 50.1 48.7 48.7 47.9 48.2 47.3 44.3 43.3 42.5 41.6 40.7 39.4 38.5 37.7 36.7 35.1 33.7 32 32.5 32.2 31.6 31.6 33 38.4 45.7 51.9 48.6 46.2 50.7 49.6 46.4 42.8 42.9 41.1 43.9 43.2 43.2 45.4 46.6 45.4 47 46.3 44.9 45.3 44.6 43.5 40.9 42.4 44.2 41 33.4 23.8 15.3 15.3 15.3 15.3 15.3 15.3 15.3 15.3 15.3 15.3 15.3 15.3 15.3 15.3 15.3 15.3 15.3 15.3 15.3 15.3 15.3
74.6 63.6 59.3 56.6 55.7 54.8 52.3 50.9 50.4 51 49.9 48.3 47.5 44.9 44 43 42 41 39.5 38.3 37.4 36.2 35.5 34 34.3 33.4 33.1 33.5 42.6 45.5 46 52.5 57.5 57.4 54.9 57.5 57.7 54.4 49.3 51.6 51.9 53 53.8 54.6 55.6 57.1 56.6 58.2 58.1 56.8 58.5 57.9 58.3 58.6 55.3 55.5 52.8 46.1 35.2 24.3 15.3 15.3 15.3 15.3 15.3 15.3 15.3 15.3 15.3 15.3 15.3 15.3 15.3 15.3 15.3 15.3 15.3 15.3 15.3 15.3
73.5 63.9 59.5 57.8 56.9 56.2 53.5 51.9 52.3 52.4 50.8 49.4 47 45.3 44.4 43.5 42.5 40.9 39.2 35.9 36.6 36.1 35.5 35.4 35 35.4 41.9 49.6 55 53.2 56.9 63.1 67.3 66.9 62.9 65 65.6 62.4 62.3 62.1 62.3 63.3 64.6 65.8 68.5 68.4 68.2 69.8 72.6 71 69.8 68.2 68.8 67.7 63.4 62.4 60.5 57.7 47.7 29.5 15.3 15.3 15.3 15.3 15.3 15.3 15.3 15.3 15.3 15.3 15.3 15.3 15.3 15.3 15.3 15.3 15.3 15.3 15.3 15.3
75.2 64.3 60.4 59 58.3 57.6 55.4 53.4 52.9 52.3 51.4 48.8 46.7 45.8 44.6 43.5 42.3 40.3 37.6 38.2 37.7 37.1 36.4 36.1 38.8 49.2 55.6 60.2 64.6 64.3 71.1 74.5 75.5 76.2 72.5 71.2 72.7 73.7 72.6 72.3 74 74.7 76.6 78.9 80.6 82 80.5 82.9 83.9 84.1 83.2 81.7 79.2 76.3 74.9 82.9 79.1 59.9 47 31.2 15.3 15.3 15.3 15.3 15.3 15.3 15.3 15.3 15.3 15.3 15.3 15.3 15.3 15.3 15.3 15.3 15.3 15.3 15.3 15.3
76.8 72.7 61.7 60.7 59.7 58.8 56 55 53.9 53.3 51.2 47.8 47.4 46.2 43.7 41.2 40.9 40.6 40.9 39.4 38.7 39.1 39.6 48.9 54.9 59.7 64 68.6 74.9 76.4 81 82.7 84.1 83.1 80.2 80 81.2 83.6 81.6 84.2 86.8 87.1 89.5 92 93.8 94.7 94.5 96.3 97.6 98.5 97.9 94.4 90.7 88.7 87.5 93.1 80.5 58.7 39.4 26.5 15.3 15.3 15.3 15.3 15.3 15.3 15.3 15.3 15.3 15.3 15.3 15.3 15.3 15.3 15.3 15.3 15.3 15.3 15.3 15.3
76.9 74 63.4 62.4 61.4 60.4 56.8 56.4 55.1 51.4 50.6 48.2 45.6 44.3 43.5 40.6 41.2 42.3 44.4 45.3 46.2 51.2 56 63.5 67.8 68.7 75.3 81.4 84.5 86.3 89.5 92.1 92.7 92.7 91.3 91.4 92.2 94.2 94.9 97.7 99.5 100.5 103.6 106.9 108.9 110.9 111.7 115.5 116.1 115.3 111.9 106.9 101.8 101.6 99.6 92.1 72.8 53.8 33.4 17 15.3 15.3 15.3 15.3 15.3 15.3 15.3 15.3 15.3 15.3 15.3 15.3 15.3 15.3 15.3 15.3 15.3 15.3 15.3 15.3
76.4 75.2 64.6 63.8 62.8 60.6 58.2 56 53.8 50.1 48.9 46.6 45.1 44.1 41.3 42.7 42.9 48 54 64.2 63.8 64.4 70.8 73.1 79.2 82.7 88.1 93.8 94.7 97 100.2 101.1 101 101.9 102.3 102.3 103.6 106.4 108.9 111.1 114.7 115 119.1 122.5 124.4 128.9 133.7 137 138.3 134.7 128 120.8 115 113.4 106.9 89.2 70.9 53 34 20.3 15.3 15.3 15.3 15.3 15.3 15.3 15.3 15.3 15.3 15.3 15.3 15.3 15.3 15.3 15.3 15.3 15.3 15.3 15.3 15.3
84.8 79.7 66.7 64.8 64 59.4 58.4 55.7 53 50.1 47.2 45.3 44.1 42.9 44.2 53.8 67.2 68.3 69.7 71.4 72.5 71.5 82.1 85.9 94 97 95 103.2 104.9 107.4 109.1 110.5 111.3 112.4 113.8 114.5 116.4 120.3 122.6 125.3 129.7 131.4 135 139.2 144.8 154.6 160.1 165.1 157.6 151.9 144.9 137.3 128.4 116.7 103.9 82.8 66.1 53.7 37.9 23 18.7 15.3 15.3 15.3 15.3 15.3 15.3 15.3 15.3 15.3 15.3 15.3 15.3 15.3 15.3 15.3 15.3 15.3 15.3 15.3
73.3 69.5 67 66.5 65.2 59.8 56.3 54.8 51.6 48.9 48.4 47.9 49.9 58 56.4 60.5 66.6 70.4 71.7 80.6 82.9 86.8 93.8 99.9 103.7 106.9 101.1 111.6 115.7 117.4 119.1 120.7 122.2 124 126.5 129.1 131.8 134.8 138 142 146.1 147.4 153 158.6 170.2 179.1 182.3 188 187.9 171.5 163.9 155 137 118.3 102.1 83.1 64.1 53.1 41.7 27.8 21.1 29.8 15.3 15.3 15.3 15.3 15.3 15.3 15.3 15.3 15.3 15.3 15.3 15.3 15.3 15.3 15.3 15.3 15.3 15.3
75.6 70.5 68.9 67.4 64.4 57.5 55.6 53.7 51.6 47.8 49 53.6 62.5 68.1 67.7 68.5 77.2 81.9 84.7 92.6 96.3 99.9 105.5 110.3 114.3 113.6 114.8 117.5 124.2 127.2 129.2 130.9 133.6 136.2 139.5 142.2 145 151.5 155.4 160.4 164.4 166.1 171.1 181.7 191.4 195.3 195.7 204.5 205 195.7 184.2 166 140 121.7 105.6 88.7 71.2 53.3 40.2 31.3 35.9 19.6 15.3 15.3 15.3 15.3 15.3 15.3 15.3 15.3 15.3 15.3 15.3 15.3 15.3 15.3 15.3 15.3 15.3 15.3
73.2 71.5 70.4 62.8 58.4 56.9 54.7 51.1 52.8 53.2 58.7 67.2 76.9 79 79.4 81.5 89.5 94.5 94.1 104.4 108.5 111.4 117.2 120.7 123.9 121.7 127.8 124.2 132.9 136.9 139.2 141.7 144.8 148.4 151.8 156.9 160 167.9 174.1 178.5 182.6 184 190.1 198 203.6 208.1 207.2 217.6 217.6 211.2 197.9 168.2 141.1 127.3 117.4 102.6 81 51.1 43.9 27.9 23.4 15.3 15.3 15.3 15.3 15.3 15.3 15.3 15.3 15.3 15.3 15.3 15.3 15.3 15.3 15.3 15.3 15.3 15.3 15.3
74.3 73 62.7 58.5 57.8 56.5 54.7 55.4 57.1 61 73.1 73.6 78.9 89.1 89.7 94.5 102 106.3 109.4 114.6 119.2 123.1 127.1 130.2 132.6 131.3 136.9 134.5 143.2 147.3 149.8 153.1 156.5 160.8 165.3 170.8 179.5 186.3 192.2 195.7 196.8 198.1 206 209.3 215.1 219 216.6 222.4 221.3 211.4 193.8 169.3 142.8 133.1 123.3 107.6 81.1 51.6 30.6 15.3 15.3 15.3 15.3 15.3 15.3 15.3 15.3 15.3 15.3 15.3 15.3 15.3 15.3 15.3 15.3 15.3 15.3 15.3 15.3 15.3
75.1 64.8 60.7 58.9 56.1 55.4 56.7 63 68.1 70.8 74.8 79.2 84.3 98 99.7 110.1 112.7 120.5 122.9 124.9 132.3 135.2 136.9 140.6 143.8 141.5 149 147.5 154.2 158.2 161.5 165 170.5 175.8 181.4 189.2 197.7 202.3 206.6 208.3 208.8 214 215.5 218 222.5 224.2 222.9 220.5 213.5 202.1 185.3 167.1 143.7 135.3 123.3 101.2 68.8 50.3 19.9 15.3 15.3 15.3 15.3 15.3 15.3 15.3 15.3 15.3 15.3 15.3 15.3 15.3 15.3 15.3 15.3 15.3 15.3 15.3 15.3 15.3
69.1 66.6 61.2 59.9 56.5 66.5 66.7 68.1 78 82.9 87.3 84.8 90.1 98.3 110.9 120.8 127 130.7 134.5 133.7 142 145.1 148.7 149.5 151.4 152.5 159.2 161.3 164.3 170.2 173.9 179 184.5 190.8 198.8 207.5 213 216.4 218.5 218.3 216.2 219.9 220.5 224.8 225.3 224.9 223.4 215.2 199.8 188.5 178.5 160.7 141.9 124.7 108.9 84 61 34.9 15.3 15.3 15.3 15.3 15.3 15.3 15.3 15.3 15.3 15.3 15.3 15.3 15.3 15.3 15.3 15.3 15.3 15.3 15.3 15.3 15.3 15.3
63.7 63 60.3 58.7 69 69.9 70.4 80.8 83 89.3 92.2 98.7 97.3 109.2 121.4 131.6 138.5 141.7 145.2 148.1 149.7 154.7 155.4 157 161.9 165.3 169 172.5 175 181.5 188.2 193.7 199.3 206.4 215.1 221.5 224.5 227.4 229.3 228.9 226 224 223.5 229.2 227.7 227.1 222 208.9 190.1 168.9 162.5 144.5 129 108.8 89.6 64.4 42.8 15.3 15.3 15.3 15.3 15.3 15.3 15.3 15.3 15.3 15.3 15.3 15.3 15.3 15.3 15.3 15.3 15.3 15.3 15.3 15.3 15.3 15.3 15.3
64.5 64.8 66.6 70.5 71.7 74.1 84.3 88.4 92 101.5 109.1 114.6 116.1 123.3 132.8 142.1 149.5 152.5 155.5 159 153 162.4 164.7 168.6 172.3 175.2 178.7 183.4 187.5 192.3 200.2 207 213.3 220.4 227 231 232.3 235.3 237.4 237.3 234.1 225.4 225.4 233.1 229.2 228.3 216.2 198.3 176.1 156.9 139.6 125.2 113.2 96.9 78.1 53.4 21 15.3 15.3 15.3 15.3 15.3 15.3 15.3 15.3 15.3 15.3 15.3 15.3 15.3 15.3 15.3 15.3 15.3 15.3 15.3 15.3 15.3 15.3 15.3
