data/NH52.asc
ncols 200
nrows 200
xllcorner 250000
yllcorner 820000
cellsize 50
[rows 105 to 139 of 200, columns 0 to 79 of 200]
174.5 167.9 147.7 128.9 120.3 107.1 93.1 74.5 58 37.4 19.7 15.3 15.3 15.3 15.3 15.3 15.3 15.3 15.3 15.3 15.3 15.3 15.3 15.3 15.3 15.3 15.3 15.3 15.3 15.3 15.3 15.3 15.3 15.3 15.3 15.3 15.3 15.3 15.3 15.3 15.3 15.3 15.3 15.3 15.3 15.3 15.3 15.3 17.2 47.5 84.4 100.7 107.9 110.4 118.2 139.7 156.2 165.5 184.4 189.4 172.5 161.8 168 161.6 158.8 154.5 154.8 154.9 154.9 159.3 160.9 158.2 149.6 141.9 141.1 143.2 143.9 144.6 143.6 147.4
167.8 155 136.3 123.3 109 88.5 62.8 49.6 31.7 15.3 15.3 15.3 15.3 15.3 15.3 15.3 15.3 15.3 15.3 15.3 15.3 15.3 15.3 15.3 15.3 15.3 15.3 15.3 15.3 15.3 15.3 15.3 15.3 15.3 15.3 15.3 15.3 15.3 15.3 15.3 15.3 15.3 15.3 15.3 15.3 15.3 15.3 15.3 26.6 61.6 92.2 104.5 109.5 114.8 131.6 155.6 170.1 176.9 187.5 163.2 159 159.9 166.7 165.8 161 154.7 155 156.5 156.3 159.2 155.1 147 140.7 138.9 144 145.2 145.2 145.7 146.4 150.8
151.9 138.7 128.7 119.8 103 78.2 51.3 31.7 15.3 15.3 15.3 15.3 15.3 15.3 15.3 15.3 15.3 15.3 15.3 15.3 15.3 15.3 15.3 15.3 15.3 15.3 15.3 15.3 15.3 15.3 15.3 15.3 15.3 15.3 15.3 15.3 15.3 15.3 15.3 15.3 15.3 15.3 15.3 15.3 15.3 15.3 15.3 17.5 38.8 73 93.3 106.6 107.9 118.7 142.4 159.6 174 176.7 160.2 159 159 162.7 174.6 168.8 155.5 156.1 160.6 153.6 156.2 154.4 144.8 139.4 138 144 145.2 146.8 147.6 148.9 146.4 162.6
139 127.9 121.4 110 92 68.3 41.5 15.3 15.3 15.3 15.3 15.3 15.3 15.3 15.3 15.3 15.3 15.3 15.3 15.3 15.3 15.3 15.3 15.3 15.3 15.3 15.3 15.3 15.3 15.3 15.3 15.3 15.3 15.3 15.3 15.3 15.3 15.3 15.3 15.3 15.3 15.3 15.3 15.3 15.3 15.3 15.3 25.2 48.9 81.4 94.1 111.1 122.3 123.8 150.7 165.7 172.4 160.1 159.3 160 163.6 181.3 175.9 156.6 156 160.4 154.5 150.6 148.4 142.7 136.8 140.1 142.9 144 145.8 148.3 156.6 161.7 146.6 162.2
127.8 116.4 104.6 93.6 74.5 48.1 21.5 15.3 15.3 15.3 15.3 15.3 15.3 15.3 15.3 15.3 15.3 15.3 15.3 15.3 15.3 15.3 15.3 15.3 15.3 15.3 15.3 15.3 15.3 15.3 15.3 15.3 15.3 15.3 15.3 15.3 15.3 15.3 15.3 15.3 15.3 15.3 15.3 15.3 15.3 15.3 18.4 35.2 61.7 89.7 99.7 124 128 129.9 157.8 171.7 159.5 159.3 158.1 157.4 169 171.4 157.5 157.5 154.7 148.5 149.2 145.4 138.6 133.5 142.1 150 152.1 153.1 155.7 163.5 172.1 169.9 146.4 149.7
112.5 99.2 83.7 69.3 52.3 42.1 15.3 15.3 15.3 15.3 15.3 15.3 15.3 15.3 15.3 15.3 15.3 15.3 15.3 15.3 15.3 15.3 15.3 15.3 15.3 15.3 15.3 15.3 15.3 15.3 15.3 15.3 15.3 15.3 15.3 15.3 15.3 15.3 15.3 15.3 15.3 15.3 15.3 15.3 15.3 15.3 28.3 42.1 72.1 93.5 103 126.8 127.6 134.1 156.8 153.7 155.8 154.7 152.8 153.1 155.5 155.9 156 155.9 146.8 141.8 140.2 134.4 138 149.7 158.6 159.7 164.5 168.4 173.8 182.5 188.7 176.1 157.5 161.1
95.5 80.3 61.3 39 27.9 15.3 15.3 15.3 15.3 15.3 15.3 15.3 15.3 15.3 15.3 15.3 15.3 15.3 15.3 15.3 15.3 15.3 15.3 15.3 15.3 15.3 15.3 15.3 15.3 15.3 15.3 15.3 15.3 15.3 15.3 15.3 15.3 15.3 15.3 15.3 15.3 15.3 15.3 15.3 15.3 20.9 39.1 50.4 81.2 96.1 113.3 131.3 123.1 128.9 142.6 147.5 142.4 141 143.5 146 150.5 149.9 148.4 144.3 137.1 135.5 130.2 135.3 151 163.8 167.4 174.5 182.3 189.7 203.3 211.2 203.9 179.8 177.6 174.2
80.8 62.9 39.5 24.1 15.3 15.3 15.3 15.3 15.3 15.3 15.3 15.3 15.3 15.3 15.3 15.3 15.3 15.3 15.3 15.3 15.3 15.3 15.3 15.3 15.3 15.3 15.3 15.3 15.3 15.3 15.3 15.3 15.3 15.3 15.3 15.3 15.3 15.3 15.3 15.3 15.3 15.3 15.3 15.3 18.2 27.9 40.9 57.7 90.9 118.3 134.7 138.7 119.3 124.7 136.4 135 145.4 144.3 140.5 140.8 140 138.5 138.5 135.4 121.3 126.3 140.4 155.8 167.6 177.9 190.3 194.3 205.5 220 232.8 219.5 199 186.5 181.8 172.8
68 44.6 30 15.3 15.3 15.3 15.3 15.3 15.3 15.3 15.3 15.3 15.3 15.3 15.3 15.3 15.3 15.3 15.3 15.3 15.3 15.3 15.3 15.3 15.3 15.3 15.3 15.3 15.3 15.3 15.3 15.3 15.3 15.3 15.3 15.3 15.3 15.3 15.3 15.3 15.3 15.3 15.3 16.1 28.1 41.7 40.7 62.1 107.7 131.6 140.5 122.1 119.8 121.4 131.5 145.6 138.8 114.9 111.3 124.3 123.8 126.2 122 121 135.4 145.4 160.5 174.2 196.5 208.2 220.7 227.7 244.4 251.2 234.6 207.7 198.2 191.1 183.2 173.3
51.6 30.8 15.3 15.3 15.3 15.3 15.3 15.3 15.3 15.3 15.3 15.3 15.3 15.3 15.3 15.3 15.3 15.3 15.3 15.3 15.3 15.3 15.3 15.3 15.3 15.3 15.3 15.3 15.3 15.3 15.3 15.3 15.3 15.3 15.3 15.3 15.3 15.3 15.3 15.3 15.3 15.3 15.3 28.6 39.5 41.8 46.6 75.9 115 130.6 128 114.7 120.4 126 128.9 121.4 104.6 95.1 98.3 109.2 111.1 109.9 129 135.9 148.5 160.2 181.7 205.8 228.4 241.3 246 258.3 247.1 241.9 217 206.4 198.3 192.2 182.8 174.3
36.7 19.8 15.3 15.3 15.3 15.3 15.3 15.3 15.3 15.3 15.3 15.3 15.3 15.3 15.3 15.3 15.3 15.3 15.3 15.3 15.3 15.3 15.3 15.3 15.3 15.3 15.3 15.3 15.3 15.3 15.3 15.3 15.3 15.3 15.3 15.3 15.3 15.3 15.3 15.3 15.3 15.3 26 40.5 42 47.9 60.7 90.5 115.9 125.3 113.5 107.7 119.2 109.9 95.7 89 91.3 114.5 121 100.7 116.2 132.3 140.2 150.6 170.8 194.9 223.6 251.4 269.7 258.9 260.2 255.2 236.8 215.9 205.4 198.4 194.3 191.1 179.3 176.9
30.2 15.3 15.3 15.3 15.3 15.3 15.3 15.3 15.3 15.3 15.3 15.3 15.3 15.3 15.3 15.3 15.3 15.3 15.3 15.3 15.3 15.3 15.3 15.3 15.3 15.3 15.3 15.3 15.3 15.3 15.3 15.3 15.3 15.3 15.3 15.3 15.3 15.3 15.3 15.3 15.3 21.7 38.5 42.9 42.7 61.5 67.5 95.6 115.3 110.8 102.1 97.9 97.9 76.9 90.9 103.1 122.7 132.1 134.2 129.2 133.4 147.8 154.5 162.6 190.7 224.2 267.2 276.2 269.1 253.9 251.7 243.6 215.7 202.9 196 192.3 189.8 186.3 178.3 181.7
23.6 15.3 15.3 15.3 15.3 15.3 15.3 15.3 15.3 15.3 15.3 15.3 15.3 15.3 15.3 15.3 15.3 15.3 15.3 15.3 15.3 15.3 15.3 15.3 15.3 15.3 15.3 15.3 15.3 15.3 15.3 15.3 15.3 15.3 15.3 15.3 15.3 15.3 15.3 15.3 19.5 37.5 44.1 43.7 50.9 75.2 92.9 99.8 110.7 92.2 67.4 65.7 76.8 76.4 109.6 124.1 141.1 136.8 140.4 148.5 160.7 172.6 172.6 183.7 223.5 260.6 282 272.2 257.6 242.5 233.8 220.3 207.5 199.5 193.8 189.3 187.4 183.4 180.5 189.1
15.3 15.3 15.3 15.3 15.3 15.3 15.3 15.3 15.3 15.3 15.3 15.3 15.3 15.3 15.3 15.3 15.3 15.3 15.3 15.3 15.3 15.3 15.3 15.3 15.3 15.3 15.3 15.3 15.3 15.3 15.3 15.3 15.3 15.3 15.3 15.3 15.3 15.3 15.3 15.3 37.9 43.1 44.8 44.4 57.1 86.9 106.3 101.6 92.8 61.9 72.5 89.2 90.7 111 126 137.1 158.8 154.3 162.8 173.9 185.7 194.5 185.3 202 254.1 279.4 269.8 257.4 244 234.5 214.4 210.2 203.7 198.4 194.9 190.5 186.3 183.1 183.3 195.9
15.3 15.3 15.3 15.3 15.3 15.3 15.3 15.3 15.3 15.3 15.3 15.3 15.3 15.3 15.3 15.3 15.3 15.3 15.3 15.3 15.3 15.3 15.3 15.3 15.3 15.3 15.3 15.3 15.3 15.3 15.3 15.3 15.3 15.3 15.3 15.3 15.3 15.3 15.3 20.5 44.8 41.5 44.4 43.9 61.9 95.3 96.7 94.9 58.1 61 82.6 103 118.2 146.6 173.6 191.1 176.9 175.1 189.6 203.8 213.7 211.2 211.6 223.5 257.2 273.8 255 240.6 227.7 214 209.6 205.4 201.1 196.8 195.4 191.7 187.2 183.2 190.5 201.3
15.3 15.3 15.3 15.3 15.3 15.3 15.3 15.3 15.3 15.3 15.3 15.3 15.3 15.3 15.3 15.3 15.3 15.3 15.3 15.3 15.3 15.3 15.3 15.3 15.3 15.3 15.3 15.3 15.3 15.3 15.3 15.3 15.3 15.3 15.3 15.3 15.3 15.3 15.3 25 26 22 31.5 40.5 66.1 87.9 92.5 69.2 46.6 73.5 93.6 113.2 142 220.5 226.3 209.6 178.6 195.7 211.3 222.3 231.2 221.9 235.7 253.7 264.4 255.7 237.4 225.5 212.3 211.8 207.7 203.7 199.5 195.9 195.2 191.6 186.6 184.5 195.5 201.5
15.3 15.3 15.3 15.3 15.3 15.3 15.3 15.3 15.3 15.3 15.3 15.3 15.3 15.3 15.3 15.3 15.3 15.3 15.3 15.3 15.3 15.3 15.3 15.3 15.3 15.3 15.3 15.3 15.3 15.3 15.3 15.3 15.3 15.3 15.3 15.3 15.3 15.3 15.3 17.8 15.3 22.3 15.3 38.4 59.9 74.4 64.8 40.3 52.4 83.5 108.5 138.7 196.6 227.6 213 189.1 193 210 225.3 241.3 241.6 229.4 249.1 256.6 246.6 234.6 222.1 211.4 210.8 207.9 203.3 200 197.5 195.4 194.6 190 185.1 187.3 199.2 202.9
15.3 15.3 15.3 15.3 15.3 15.3 15.3 15.3 15.3 15.3 15.3 15.3 15.3 15.3 15.3 15.3 15.3 15.3 15.3 15.3 15.3 15.3 15.3 15.3 15.3 15.3 15.3 15.3 15.3 15.3 15.3 15.3 15.3 15.3 15.3 15.3 15.3 15.3 15.4 16.1 19.4 25.2 29.4 34.1 45.2 50.5 37.9 42.9 65.2 92.6 122.9 162.4 215.3 211.6 199.1 186.7 202.5 225.3 236 246.8 247.6 232.6 238.7 228.5 221.5 211.8 203.4 204.8 204.8 202.3 200.2 197.5 195.2 194.2 193.4 188.1 186.9 190.4 199.5 203.3
15.3 15.3 15.3 15.3 15.3 15.3 15.3 15.3 15.3 15.3 15.3 15.3 15.3 15.3 15.3 15.3 15.3 15.3 15.3 15.3 15.3 15.3 15.3 15.3 15.3 15.3 15.3 15.3 15.3 15.3 15.3 15.3 15.3 15.3 15.3 15.3 15.3 15.3 16.7 18.5 36.2 43.7 44.4 33.6 32 37.6 38.9 46.3 83.4 114.6 148.9 193.2 216.3 209.6 188.1 199.3 211.1 233.3 235.8 248.7 236.4 226.9 224.5 207.9 203.8 196.1 196.4 198.8 199.1 196.9 195.1 194.1 193.3 191.7 190.9 188.3 188 197 198.6 199.7
15.3 15.3 15.3 15.3 15.3 15.3 15.3 15.3 15.3 15.3 15.3 15.3 15.3 15.3 15.3 15.3 15.3 15.3 15.3 15.3 15.3 15.3 15.3 15.3 15.3 15.3 15.3 15.3 15.3 15.3 15.3 15.3 15.3 15.3 15.3 15.3 17.9 21 21.6 37.1 48.2 60.9 62.6 46.8 42.1 36 42.7 67.3 91.8 142.1 166.8 189.1 199.5 185.1 191.1 203.1 219.1 235.7 231.3 231.5 223.4 214.4 209.9 193 188.5 191.7 194.6 195.3 195.3 194.6 194.7 194.8 194.5 191.8 190.3 190.5 194.4 197.9 199.1 199.9
15.3 15.3 15.3 15.3 15.3 15.3 15.3 15.3 15.3 15.3 15.3 15.3 15.3 15.3 15.3 15.3 15.3 15.3 15.3 15.3 15.3 15.3 15.3 15.3 15.3 15.3 15.3 15.3 15.3 15.3 15.3 15.3 15.3 15.3 15.3 15.3 23 28.6 34.1 42.4 68 76.9 74.5 56.3 49.6 46.7 42.3 65.7 83.7 105.5 151.7 170.3 174.4 178.9 203 208.8 216.1 230.4 223.1 215.4 204.6 204.6 198.4 187.7 187.1 187.9 190.2 192.2 196.7 195.3 194.4 194.5 200.6 192.2 191.1 195.6 198.2 199.4 199.6 200.3
15.3 15.3 15.3 15.3 15.3 15.3 15.3 15.3 15.3 15.3 15.3 15.3 15.3 15.3 15.3 15.3 15.3 15.3 15.3 15.3 15.3 15.3 15.3 15.3 15.3 15.3 15.3 15.3 15.3 15.3 15.3 15.3 15.3 15.3 15.3 22.9 42.7 40.6 47.2 72.3 86.6 94.9 84 63.2 58.7 55 49.4 55.9 75.7 93.9 116.8 145.3 164.1 180.2 203.9 208.1 214.2 221.9 218.4 211.3 198.2 200.7 193.1 187.1 187.1 191.6 197.9 197.6 194.9 195.8 193.6 193 194.2 191.2 194.3 195.8 202.9 202.6 201.3 200.2
15.3 15.3 15.3 15.3 15.3 15.3 15.3 15.3 15.3 15.3 15.3 15.3 15.3 15.3 15.3 15.3 15.3 15.3 15.3 15.3 15.3 15.3 15.3 15.3 15.3 15.3 15.3 15.3 15.3 15.3 15.3 15.3 15.3 15.3 22.2 45.5 52.7 50 68.5 90.4 96.4 106.6 85.3 69 80.9 81.1 63.3 48.8 65.6 87.9 112.3 139.5 160.4 177 198.9 201.4 202.9 219.2 216.4 201.5 187.3 189.3 186.4 186.4 186.8 202.2 209 201.3 196.5 194.6 193.9 192.3 189.3 192.8 193 195.8 200.1 201.3 201 199.7
15.3 15.3 15.3 15.3 15.3 15.3 15.3 15.3 15.3 15.3 15.3 15.3 15.3 15.3 15.3 15.3 15.3 15.3 15.3 15.3 15.3 15.3 15.3 15.3 15.3 15.3 15.3 15.3 15.3 15.3 15.3 15.3 15.3 24.3 42.1 54.6 57.5 59.5 82.3 99.8 110.2 106.9 82.4 87.3 99.2 99.1 90.3 61.2 53.9 84.8 124.3 146.5 165.7 179.7 197.1 200.8 198.3 204 200.1 183.4 179.8 179.3 183.4 183.1 182.4 196.6 202.1 199.1 196.6 192.1 195.3 188.9 189.8 192.1 192.2 195.1 197.9 199.5 199.4 199.6
15.3 15.3 15.3 15.3 15.3 15.3 15.3 15.3 15.3 15.3 15.3 15.3 15.3 15.3 15.3 15.3 15.3 15.3 15.3 15.3 15.3 15.3 15.3 15.3 15.3 15.3 15.3 15.3 15.3 15.3 20.3 20.6 26.7 40.7 53.7 70.9 61.9 77.1 97.5 110.8 118.2 95.4 92.5 100.1 106.8 101.4 93.6 78.3 55.2 79.3 129.4 152.1 166.6 181.2 195.8 196.3 186.6 184.8 178.2 182.1 178.7 183.1 181.7 180.1 182.4 190.8 194.4 193.1 192.1 187.6 184.9 186.3 189.2 189.6 193 194.1 196.1 197.9 198.9 199.4
15.3 15.3 15.3 15.3 15.3 15.3 15.3 15.3 15.3 15.3 15.3 15.3 15.3 15.3 15.3 15.3 15.3 15.3 15.3 15.3 15.3 15.3 15.3 15.3 15.3 15.3 15.3 15.3 15.8 24.8 30.7 33.6 44.2 53.3 75.6 75.6 69.8 97.9 107.8 111.7 108.6 98.3 103.6 113.5 115.4 103.3 106 111.7 96.7 61.1 83.9 116.9 134.8 171.7 187.7 189.7 175.3 169.2 169.2 174.3 178.9 185.3 178.4 178.8 179.6 185.4 188.5 185.9 183.2 180.9 180.9 185.7 187.1 186.8 192.7 195.5 196.3 197.1 198.8 199.2
15.3 15.3 15.3 15.3 15.3 15.3 15.3 15.3 15.3 15.3 15.3 15.3 15.3 15.3 15.3 15.3 15.3 15.3 15.3 15.3 15.3 15.3 15.3 15.3 15.3 15.3 15.3 15.3 25.4 33.8 39.8 49.6 58 71.4 80.7 77.6 90.8 107.9 111.5 109.4 101.3 109.8 116.5 128.3 121.3 113.4 131.1 126.7 117 87.4 68.8 72.4 99.1 148.5 178.5 171.6 163.6 161.8 163.4 166 176.8 180.1 177.7 177.6 178.8 181.2 185 186.1 180.5 176.4 180.3 183.3 183.8 184.5 189.5 194.2 195.8 196.8 198.8 199.3
15.3 15.3 15.3 15.3 15.3 15.3 15.3 15.3 15.3 15.3 15.3 15.3 15.3 15.3 15.3 15.3 15.3 15.3 15.3 15.3 15.3 15.3 15.3 15.3 15.3 15.3 15.3 27.3 36.3 45.8 56.4 64.7 79.4 80.5 82.6 85 107.2 117.1 116.1 111.4 113.1 123.1 133.5 142.8 131.7 134 149.3 141.9 129.4 118.3 96.9 67.9 73.8 128.9 158.2 163.6 163.3 155.9 157.1 163.4 176.4 177.3 180.8 176.8 177.7 178.7 188 186 173.4 175.1 179.2 179.8 180.2 184.4 188.5 191.8 192.8 197 198.6 199.9
15.3 15.3 15.3 15.3 15.3 15.3 15.3 15.3 15.3 15.3 15.3 15.3 15.3 15.3 15.3 15.3 15.3 15.3 15.3 15.3 15.3 15.3 15.3 15.3 15.3 15.3 21.6 33.6 49.5 58.4 68.8 81.7 89.2 89.9 89.1 104.5 125.6 128.9 119.7 114 127.4 134 147 154.1 148.6 153.8 163.3 156.4 139.4 133.5 117 86.1 63.7 89.7 135 158.1 148.4 149.6 156 162.2 169.7 178 177.5 177.3 177 187 196 172.7 169.7 173.2 174.5 176.9 181.4 185.3 189.2 192.7 194.2 197.5 198.7 200
15.3 15.3 15.3 15.3 15.3 15.3 15.3 15.3 15.3 15.3 15.3 15.3 15.3 15.3 15.3 15.3 15.3 15.3 15.3 15.3 15.3 15.3 15.3 15.3 15.3 15.3 27.3 39.9 60.5 68.9 82.1 92.4 97.6 99.8 103.6 125 134.7 130 121.2 131.2 135.7 149.5 159.8 164.1 162.4 164.9 175.6 165.2 152.7 143.6 128.5 112 76.1 68.9 96.2 106.2 111.4 137.7 159.8 154.8 157.9 164.6 168.6 176 186.7 209.4 178.5 168.4 168.6 171.5 176.9 182.4 184.9 186.5 189.9 194 196.8 198.6 199.9 201.2
15.3 15.3 15.3 15.3 15.3 15.3 15.3 15.3 15.3 15.3 15.3 15.3 15.3 15.3 15.3 15.3 15.3 15.3 15.3 15.3 15.3 15.3 15.3 15.3 15.3 17.1 33.2 58.7 70.1 82.9 93.3 101.8 105.7 111.9 125.2 139.8 137.6 125.1 138.4 144.2 149.8 162.1 167.4 170.1 173.1 181.6 184.7 171.8 158.7 145.5 133.1 122.1 99.8 70.7 72.8 78.9 87.7 107 129.2 134 137.6 144.1 153.3 168.2 190.3 183.4 166.7 160.8 168 176.2 185.8 189.7 188.7 188.8 192.8 195.8 197.9 199.9 201 204
15.3 15.3 15.3 15.3 15.3 15.3 15.3 15.3 15.3 15.3 15.3 15.3 15.3 15.3 15.3 15.3 15.3 15.3 15.3 15.3 15.3 15.3 15.3 15.3 18 34.2 54.1 71.2 78.2 95.4 105.8 113.5 115.5 124.9 137.9 140.6 126 137.2 157.1 158.5 158.6 170.8 173.7 172.5 178.5 191.1 181.6 171 158.6 146.6 132.8 121.2 96.2 68.4 76.1 80 90.5 89.9 99.2 104.1 107.8 119.8 135 150.5 159.9 158.4 153.5 157.1 167.5 180.6 190.4 190.5 186.1 194 198.2 198.5 199.6 201.5 202.1 207.3
15.3 15.3 15.3 15.3 15.3 15.3 15.3 15.3 15.3 15.3 15.3 15.3 15.3 15.3 15.3 15.3 15.3 15.3 15.3 15.3 15.3 15.3 15.3 15.3 34.6 53 70.3 80.5 84.2 106.3 117.4 127.1 125.4 137 138.9 126.6 137.3 156 171.5 180.6 165.5 174.4 175.4 170.8 175.8 190 170.6 163 151 139.4 126 99.7 74.1 75.9 93.6 104.2 117.2 116.8 107.1 102.7 106.1 101.3 113.3 126.1 135.4 140.8 144.8 154.4 167.1 183.7 192 188.7 193.2 202 200.9 200.9 202 203.2 203.3 203.3
15.3 15.3 15.3 15.3 15.3 15.3 15.3 15.3 15.3 15.3 15.3 15.3 15.3 15.3 15.3 15.3 15.3 15.3 15.3 15.3 15.3 15.3 15.3 28.3 52.3 68.8 76.8 94.4 96.3 113.3 127 135.6 139.1 135.8 129.6 139.2 157.1 168.5 184.3 182.3 171.6 171.9 171 170.2 174.1 177.3 159.6 155 143.2 127.6 108.5 79.7 73.8 93.5 112.1 129.3 143.4 146.6 141.5 137.3 127.1 123.1 109.7 105.3 110.3 120.5 134.4 148.1 165.7 173.8 180.4 181.4 197.9 204.3 200.1 201.2 202.7 204.1 204.1 204.1
15.3 15.3 15.3 15.3 15.3 15.3 15.3 15.3 15.3 15.3 15.3 15.3 15.3 15.3 15.3 15.3 15.3 15.3 15.3 15.3 15.3 15.3 20.4 49 66.6 74.2 91.4 104.3 109 124.9 135.1 141.3 138 132.9 143.5 160 180 186.3 189.8 185.7 174.4 168.1 167.4 167.1 165.9 169 156.7 146.9 138.4 119.6 91 70.1 92.6 118.9 140.7 156.5 166.1 178.5 178.7 172.7 170.5 160.3 138.4 129.5 123.9 116.6 117 121.7 135.1 149.4 166.3 174.5 188.8 193.4 198.3 200.9 202.4 204.1 204.6 204.5
