data/NH52.asc
ncols 200
nrows 200
xllcorner 250000
yllcorner 820000
cellsize 50
[rows 140 to 174 of 200, columns 80 to 159 of 200]
197.1 182.2 181.5 198.4 203.7 205.8 205.1 201.9 202.1 203.3 204.3 206 203.9 204 198.2 200.9 203.3 204.6 204.5 204.1 203.7 204 204.7 204.4 204.1 203.9 204.6 205.8 207.7 211.2 213.6 214.7 215.7 215.5 215.1 216.2 214.8 214.7 214.7 215.7 216.6 216.3 214.7 213.3 210.8 208.8 207.6 209.4 213 217.1 219.1 219.7 219.5 219.2 217.8 216.2 214.8 212.3 209.8 209.6 209.6 207.7 209.1 214.7 227.4 230.3 221.7 224.1 226 226.6 230 236.9 245.3 253.8 262.6 270.1 279.8 288.8 298.3 307
182.5 179 184.8 198.7 200.7 197.4 197.6 202.2 202.9 204.6 208.4 207.2 205.3 199 200.6 202.7 204.1 203.9 204 204.2 203.8 204.3 205.2 205.4 205.1 205 205.3 206 207.3 208.5 210.9 213.1 214.3 214 214 213.9 213.9 213.6 213.5 213.9 214.4 213.7 212.6 211.4 209.6 208.1 207.1 208.2 211.2 214.7 215.7 215.9 215.9 215 213.5 211.9 210.3 209 206.2 206 206.3 214.1 217.5 227.6 230.2 228.6 225.7 226.2 226.9 227.4 234.2 243 251.9 260.9 267.4 277.3 285.5 294.4 303.2 311.5
173.9 180.6 186 187.5 190.8 191.4 194 202.1 205.1 204.6 206.2 206.2 199 201.8 201.7 203.4 203.3 203.2 203.3 203.7 203.9 204.7 205.6 206.3 206 206.2 206.4 206.6 207.4 208.6 209.8 210.9 211.9 212.6 212.9 212.9 213 213.1 212.4 212.2 211.9 211.1 210.1 209 207.3 206.8 206.3 207.6 209.6 210.9 211.9 212.1 212.2 210.7 209.2 207.6 206.1 205.6 203.2 206 217.4 228.7 228.7 232.1 230.7 227.3 227.3 227.3 228.3 232.4 240.4 248.8 257.2 265.6 274 282.4 290.1 299.1 307.7 316.2
162.8 175.1 181.9 183.9 186.2 188.8 190.1 194.8 200.2 197.5 199.5 193.8 202.7 197.5 200.3 201.4 201 201.4 201.9 202.3 203.7 204.4 205.1 206.1 207 207.4 207.7 208 208.1 208.7 209.5 210.2 211.1 211.7 211.9 212 212 212.1 212.2 211 210.1 209 207.9 206.8 206 206 207 207.6 207.9 209.3 209 209.1 208.2 206.6 204.9 203.8 202.6 200.6 205.6 218.1 228.7 228.7 228.7 232.2 227.4 227.5 227.4 227.8 233.2 238.5 246.2 254.2 262.2 270.3 278.7 286.7 294.6 301.7 309.8 320
149.4 154.8 162.7 171.3 181.4 185.6 183.2 182.4 180.6 182.1 179.8 186.3 192.2 193.7 198.9 198.6 198.9 199.8 200.3 201.8 203.4 204.2 204.7 205.2 206.3 207.6 209 209.4 209.5 209.3 209.1 209.6 210.4 211 211 210.7 210.6 210.6 210.7 209.7 208.1 207 206.4 205.6 205.3 205.8 206.4 206.7 206.5 207 206.6 205.5 204.1 202.8 201 199.3 197.8 198.6 209.7 226.3 228.9 228.1 229.4 228.2 225.4 226.6 228.3 231.5 238.1 244.6 252.1 259.2 266.3 274.6 283.4 291.5 299.1 307 315 322.6
172.8 164.1 151.8 155.5 162.8 172.9 180.1 178.3 177.9 178.1 179.1 180.3 183.1 190.8 192.5 194.2 195.9 198.1 199.8 201.4 203 204 204.5 204.9 205.6 207 208.3 209.7 210.6 210.5 210.3 210 209.8 210.3 210 209.8 209.5 209.3 208.8 207.8 206.7 205.7 204.7 204.8 205.8 205.2 205.8 205.6 205 203.9 203 202 200.5 199 198.2 197 196.1 200.6 214.1 230.2 229.8 227.5 229.5 224.6 226.3 227.2 230.8 237.4 243.9 249.8 257.3 265.1 272.4 279.1 287.4 295.8 303.1 311 318.6 325.4
185 179.5 169.8 154.4 174 189.8 191.3 186.1 187.7 188.4 185.3 180.5 183.7 190.9 192.6 193.7 196.4 198.7 199.8 201.1 202.7 203.8 204.3 204.7 205 207 208.9 210.9 210.6 210.4 210.3 210.2 210.1 209.7 209.1 208.8 208.4 208.1 207.3 206.5 205.5 204.3 202.8 205.3 206.2 206.3 204.5 203.1 202.1 200.3 199.5 198.4 197 195.9 195.7 195.2 195 203.2 218.8 229.1 227.7 226.1 222.5 222.1 226.5 228.1 237.3 242.5 248.5 255 262.2 269.4 276.7 284.6 291.8 299.4 307 314.5 321.9 328.9
190.4 184.1 169.1 159.3 187.8 199.8 196.3 197.7 195.9 194.2 193.1 190.5 190 192.4 195.1 196.9 197.7 200 201 202.7 204.3 205.2 205.5 205.8 206.2 208.1 210.1 211.7 210.5 210.4 210.2 210.1 209.8 209.4 208.7 207.9 207.3 206.8 205.6 204.2 202.8 202.7 204.5 205.9 206.5 203.9 201.3 200.2 199.3 197.4 195.9 194.9 193.5 193 193.1 193.7 197.7 207.6 221.9 228.5 219.5 218.8 223 229.1 228.5 232.7 241.8 246.9 253.4 260 266.3 273.6 282 289.5 296.5 303.3 309.9 317.2 323.4 330.3
192.8 187.7 162.2 171.6 185.7 199.7 202 198.9 197.8 197.9 196.7 195.7 200.7 202.1 202.5 201 206.7 206.7 205.2 206 207.6 209.9 209.4 209.2 209.2 209.8 211.3 211.8 210.5 210.3 210.1 209.8 209.4 209 208.3 207.5 206.7 204.9 203 201.4 201.8 205.2 205.4 206.5 203.6 200.8 198.1 196.8 196.4 194.4 193 193 193 193 193 195.1 200 210.9 224.7 222.2 217.8 219.6 226.7 230.5 229 237.2 245.2 251.8 257.6 263.4 270.5 278.5 286.2 293.5 300.4 307.1 313.1 318.6 326.2 331.6
193.1 175.6 159.1 176.6 195.9 200.5 201.3 201.3 201.9 200.9 200.2 199.7 202.9 203.9 204.2 204.7 205.3 207.2 208.7 209.4 210 211.1 211.6 211.6 211.7 212.2 212.6 212 210.6 210.1 209.8 209.5 209.1 208.7 207.9 207.1 206.1 203.7 201.3 201 201.6 203.6 206 201.3 198.9 196.4 193.7 193 193 193 193 193 193 193 193 194.7 203.1 207.3 209.6 216.7 218.1 222.6 231.9 230.6 230.8 241 249.8 255.7 261.8 268.6 275.3 282.9 290.1 297 303.8 310.5 316.1 322.1 328.2 333.8
177.8 162.2 176.3 200.3 201.3 201.1 203.7 204.9 203 203.7 203.4 203.4 204 204.2 204.7 205.6 206.9 208.9 209.7 209.7 209.7 210.7 211.6 211.8 212.1 212.3 212.4 212.4 211.5 210.4 209.9 209.4 209 208.1 207 205.9 204.6 202.6 200.9 200.3 198.5 198.6 197.6 195.9 193.5 193 193 193 193 193 193 193 193 193 193 197.3 205.9 207.5 212.4 219.9 222 227.5 232.2 230.4 232.5 244.9 253.7 259.5 265.5 271.4 278.9 286.7 293.9 300.4 306.8 313.5 318.7 324.4 330.2 335.4
164.3 173.1 204.2 204.2 203.1 205.6 207.9 206.6 205.3 205.8 206.6 205.4 204.6 204.9 205 206.6 208.5 209.3 209.8 209.6 209 210 211 211.6 211.8 211.9 212.1 212.1 211.9 211.4 210.4 210 209.3 207.2 205.7 204.6 203.1 201.4 200.3 201.2 198.3 195.8 193 193 193 193 193 193 193 193 193 193 193 193 194.4 202.1 209.9 210.3 215.8 222.6 225.8 230.5 231.1 231.9 235.1 249 257.7 263.6 270.3 275.9 282.6 290 297.3 303.7 309.7 315.3 321.7 327.2 332 336.7
178.4 197.4 205.2 205.5 206.6 209.9 208.6 207 208.5 208.9 206.2 204.8 205.6 205.9 205.7 206.9 208.9 209.5 209.6 209.2 208.4 209.4 210.6 210.9 211.2 211.6 211.8 211.7 211.5 211.3 211.1 210.5 208.2 206.8 204.8 203.2 201.8 200.7 199.9 198.7 195.6 193 193 193 193 193 193 193 193 193 193 193 193 193.5 198.8 205.8 213.5 215.6 219.3 224.4 227.9 231.3 231.7 233.4 238.4 251.4 261.8 268.2 275 281.1 287.6 294 300.8 305.7 312.8 318.4 324 329.7 334.6 339
195.5 204.8 205.1 207 207.3 208.1 209.6 208.1 209.9 206.5 205.8 205.8 206.6 206.8 206.2 206.9 208.8 209.6 208.9 207.3 208.1 209.3 210.2 210.6 210.4 210.7 211.1 212 211.7 211.5 211.3 210.4 207.9 206.4 204 202.5 199.9 198.9 197.5 193.4 193 193 193 193 193 193 193 193 193 193 193 193 193 197.1 202.7 209.6 216.1 220.7 221.2 224.3 228.6 231.9 232.9 234.6 243 255.3 265.9 272.3 279.1 286.1 291.5 298.3 304.4 310.8 316.6 322.2 327.8 333.3 336.7 340.6
197.9 204.8 205.2 205.8 206.5 207.3 208.1 208.5 207.9 206.2 206.1 206.6 207.3 207.3 206.7 207 208.3 208.9 207.6 206.5 207.6 208.9 209.8 210.4 209.6 209.9 211.4 212.9 212.6 212.3 211.3 208.7 206.9 204.1 203.1 201.9 199.1 196.3 194.8 193 193 193 193 193 193 193 193 193 193 193 193 193 196.3 201 206.5 213.5 219 222.4 222.9 224.6 230 232.7 234.5 238.3 252.2 263.1 270.1 276.7 283.5 290 295.7 301.6 307.9 314.6 320.5 326 331.6 336.4 339.5 343
198.9 202.9 204.1 205 206 206.4 206 205.6 205.3 205.8 205.9 205.8 208.1 208.2 207.4 206.7 206.5 207.6 206.4 205.6 206.2 206.8 209.5 210.3 209.1 209.8 211.8 213.8 212.6 211.5 210.2 208.8 204.5 201.5 201.3 200.2 197.8 195 193 193 193 193 193 193 193 193 193 193 193 193 193 195.9 199.7 205.7 212.2 217.9 221.1 223 223.6 226.7 230.3 233 237 246.3 260.8 269.3 276.4 282 288 294.5 300.3 306.1 312.2 318.3 324.3 329.9 335.4 339.7 343.6 347.2
197.5 201.7 202.8 203.8 204.7 205.7 205.6 205.2 205.3 205.3 205.4 205 205.5 207.1 205.4 204 203.8 203.5 203.4 205.7 205.9 204.5 204.6 206.7 207.4 210.8 212.4 215.2 212.5 211.4 210.9 205.4 202.8 199.3 199.2 198.2 196.3 193 193 193 193 193 193 193 193 193 193 193 193 193 195.4 200.8 204.1 211.4 217.8 220.4 222.6 223.6 224 228 231 233.7 240.9 252.4 266.5 274.2 281.4 287.1 292.6 299.1 304.9 310.7 316.6 322.7 329.2 334.9 340 344.4 347.8 351
198.9 199.9 201.5 202.6 203.5 204.4 205.3 204.9 205.1 205.4 203.9 203.3 205.4 204.9 205.6 203.6 202.6 202.9 202.8 202.7 203.8 203.3 203.6 203.9 205.7 208.4 211.1 212.8 213 211.7 208.3 201.6 199.5 193 194.5 195.9 193 193 193 193 193 193 193 193 193 193 193 193 193 194.8 201.9 208.8 210.9 215.5 220 222.1 222.9 224 224.6 229.5 232.9 238.1 248.8 263.9 272.9 279.4 286.4 292.6 297.7 303.6 309.5 315.3 321.1 327.2 333.9 339.8 344.2 348.5 352.5 355.8
199.8 200.2 200.3 201.3 202.3 203.2 204.1 204.5 205 204.6 202.7 201.3 201.7 202.6 202.9 201.9 201.9 202.4 202.5 202.3 202.1 202.4 202.7 203.2 204.5 206.8 210.3 214.1 213.8 209.7 206.1 199.5 193 193 193 193 193 193 193 193 193 193 193 193 193 193 193 193 195.5 198.1 207.8 212.5 214.5 218.9 222.1 222.4 223.2 224.8 228.9 232 236.5 244.7 258 270.1 278 286.6 292.2 298.1 303.1 309 314.9 320.7 326.5 333.2 339 344.2 348.5 352.9 356.8 360.7
199.8 200.2 200.5 200.9 201.1 201.8 202.7 203.6 204 203.5 201.8 200 199.9 200.7 201.4 200.5 200.8 201.2 201.5 201.5 201.3 201.6 201.9 202.3 205.3 209.6 216.3 215.7 211.8 208.8 203.3 193 193 193 193 193 193 193 193 193 193 193 193 193 193 193 193 194.2 199.4 203.5 210.5 213.3 216.6 220.3 222.3 222.8 224.7 227.9 232.3 236.1 242 251.7 266.1 275.9 282.8 290.6 297.5 304.1 309.4 315.3 321.2 327.1 333 338.6 344 348.6 352.8 357.8 362.5 367.4
199.6 200.1 200.5 200.8 200.6 200.1 200.1 201 202 201.6 200.8 200 199.5 199.2 199.8 199.5 199.7 199.9 200.2 200.4 200.6 201 201.5 202 204.5 208.2 215.1 214.5 208.8 206.2 195 193 193 193 193 193 193 193 193 193 193 193 193 193 193 193 194.6 196.8 205.2 210.1 211.8 214.3 217.6 221.7 222.8 223.7 226.3 230.3 234.3 238.6 245 261.1 273.1 281.5 288.5 294.3 301 308.9 316.9 321.6 327 332.4 338.6 343.9 348.7 353.1 357.7 363.5 369.6 376.2
199.4 200.1 200.4 199.6 198.1 197.6 197.6 198.4 199.3 200.2 200.7 199.9 199.2 198.9 198.6 198.9 199.3 200.1 200.6 200.6 200.8 201.5 202.5 202.1 203.5 206.7 210 206.3 209.2 196.4 193 193 193 193 193 193 193 193 193 193 193 193 193 193 193 194.9 195.3 199.2 206.4 210.7 212.7 214.9 219.2 222 223.7 225.7 228.9 232.9 237.3 243 252.7 268.8 279.4 286.5 293.6 300 307.4 313.8 322 327.6 331.6 337.4 344.1 349.1 354.6 358.9 363.6 369.6 378.5 386.1
196.1 198 190.8 196.5 195.7 194.9 195.4 196.4 199 199.1 199 199.3 199 198.6 198.6 199 199.8 200.7 201.4 201.4 201.7 202.6 203 201.8 200.9 200.7 201.3 208 200.4 193 193 193 193 193 193 193 193 193 193 193 193 193 193 193 193 195.1 197.1 203.7 208.3 211.1 213 217.9 220.4 221.8 224.3 227 231.8 235.6 241.4 248.2 262.4 275.7 284.7 292.1 298.9 305.7 313.6 320.5 327.3 332.3 337.3 343.5 350.9 356.1 360.1 364.7 369.1 375.6 384.8 392.6
188 193.3 189.9 192.7 192.2 192.9 193.7 195.9 198.8 199.2 199 198.9 198.7 198.8 198.9 199.8 200.4 201.3 202.1 202.3 202.8 204 204.2 203.7 200.7 198 198.4 200.2 193 193 193 193 193 193 193 193 193 193 193 193 193 193 196.7 194.1 194.2 196.7 199 204.2 209.9 211.8 214.6 221.1 220.9 222.7 226.2 229 234.9 239.4 244.8 253.8 269.8 281.5 289.6 297.5 304.4 312.7 319.8 327.2 333.9 338.6 344.4 350.2 356.5 361 365.2 370.6 373.7 379.4 386 395.4
193.7 188.9 188.6 189.9 191.2 192.2 192.5 196.6 198.7 199.1 199.1 198.9 198.7 199 199.9 200.9 201.2 201.9 202.7 203.1 204.6 206.5 206.4 204.4 200.5 196.9 194.1 193 193 193 193 193 193 193 193 193 193 193 193 193 193 196 197.6 195.3 196.2 199.1 202.1 205.8 210.7 212.1 217.1 221.8 221.1 223.5 227 231.3 236.7 242.4 249.8 261.5 276.9 286.3 294.4 302.5 310.8 319.4 326.1 332.7 339.5 345.6 351.3 357.1 362 366.3 371.9 375.7 378.5 382.2 386.3 396.1
194.5 192 188.8 189.5 190.2 191.3 193.7 197.3 198.5 198.9 199.1 199.2 199.3 199.8 201.1 201.9 202.3 202.6 203.3 204.9 207.6 208.8 206.6 203 199.2 195.7 194.5 193 193 193 193 193 193 193 193 193 193 193 193 193 197.3 198.4 197.7 198.5 201.1 201.7 204.9 209.3 210.4 213.6 222.1 222.1 222.1 224.5 227.8 233.2 239 244.2 256.1 269.9 283.1 291.5 299.7 309.1 318.2 327.2 333.6 340 346.8 353.2 358.4 363.9 369.4 374.4 379.4 381.6 383.7 387.3 388.6 393.4
195.3 192.6 190.5 189.8 190.2 192.3 196.2 198.8 199.5 199.8 199.9 199.7 200.1 202.2 203.7 203.9 203.8 204.7 207.3 208.3 210.4 208.9 204.8 201.3 197.9 194.3 193 193 193 193 193 193 193 193 193 193 193 193 193 195.7 198.1 198.2 201.1 202.7 202.4 203.2 206.7 211.9 211.8 218.9 223.9 222.7 223.3 225.6 229.3 234.5 240.7 246.7 260.2 276.1 288.6 296.6 305.5 315.6 326.1 335.3 341.7 348.5 355.7 362.7 367 373.1 380.3 384.3 388.5 390 390.6 391.3 393.2 401.7
192.9 192.6 192.4 191.5 192.9 195.8 198.1 200.2 200.6 200.8 200.8 201.3 204.4 204.7 204.9 205 205.7 208.1 211.2 212 211.8 206.7 202.9 199 196.8 193.4 193 193 193 193 193 193 193 193 193 193 193 193 193 193 194.6 197.3 201.8 201.3 202.7 204.7 210.1 211.4 213.2 223.3 225.9 223.3 224.5 227.7 230.6 236.9 242.3 250.2 263.6 280.1 291.7 301.4 311.1 321.5 336.1 343.2 350.2 357.6 365.4 372.6 379.9 384 391.3 395.4 398.1 398.8 399.6 399.9 399.2 403.7
193.9 194 194.1 193.4 194.9 197.1 199.4 201.6 201.9 201.9 203.4 205.5 207.5 205.7 207 206.9 209.4 211.7 215.2 213.7 208.6 205.3 199.4 196.1 193.6 193 193 193 193 193 193 193 193 193 193 193 193 193 193.4 194.8 196.6 201.3 200.2 201 203.3 207.5 212.5 212.9 217.7 225.5 227.5 224.9 227.3 229.3 232.6 237.7 244.5 253.4 267.7 285.4 295.8 306.3 318.4 331.3 341.9 350.8 358.6 368 376.2 383.9 390.6 395.2 401.1 404.1 407.6 408.4 409 408.5 407.5 409.4
194.1 194.7 194.8 194.9 196.8 198.6 200.7 202.9 203 202.6 207.3 209.2 207.7 207.9 208.5 210.7 213.1 214.6 216.1 209.6 207.3 200.7 195.9 193.7 193 193 193 193 193 193 193 193 193 193 193 193 193 194.3 197.7 199.1 198.5 200.1 200.4 203.8 204.7 210 213.7 214.9 222.3 227.1 229.3 225.6 227.6 231.1 235.8 241.1 249.7 258.9 275.6 291.8 302.3 315.2 329.1 345 351.8 357.1 365.2 373.7 383.5 394.2 402.7 411.1 414.5 414.7 418.1 418.2 418.3 417 414.2 412.5
193.9 194.8 195.5 196.8 198.7 200.4 202.1 203.1 203.5 205.2 208.9 209.4 207.5 209.4 210.6 214.7 214.8 214.7 211.9 207.6 202.7 197.7 194.3 193 193 193 193 193 193 193 193 193 193 193 193 194.8 197.9 198.8 200.6 201.6 201.1 201.2 205.1 205 206.9 212.8 212.9 215 225.7 229.9 232.4 227 230.1 233.2 238.6 245.3 254 266.1 284 297.5 309.4 323.7 338.8 349.5 358.3 364.6 371.8 381.2 393.6 409.7 417.3 423 426 427.7 428.6 428.5 427.3 424.1 420.6 417.5
194.7 195.6 196.4 197.8 199.3 200.9 202.6 203 204.3 208.4 209.7 210.1 211.1 212.3 213.3 214.9 214.8 214.1 210.9 204.3 199.4 195.9 193 193 193 193 193 193 193.2 193.1 193 193 193 193.2 194.7 198.3 201 202 203.7 203.7 202.2 204.3 206.5 206.1 209.2 211.2 213 218.8 227.2 231 228.9 228 232.8 236 241.3 248.5 259 274.6 289.6 302.1 318.1 334.5 347.4 358.4 365.4 371.5 379.6 390 415.5 426.2 427.9 432.9 437.9 439.9 440.7 439 435.9 432.6 428.2 425.1
195.9 196.8 197.6 199.3 200.5 201.6 203 202.5 207.1 210.7 212.3 213.2 215.5 217.2 216.6 214.3 213.7 211.7 206.1 200.9 197.9 195.2 193.4 193 193 193 193 193.1 193.3 193.4 193.3 192.5 192.1 195.5 199.1 201.9 202.8 203.3 203.9 203.7 207.1 208.2 205.8 207.2 210 212.1 216 222.1 227.6 229.5 227.2 228.3 233.1 238.8 245.7 253.6 266.6 279.5 294 311 327.9 343 355.1 363.4 370.3 378.4 388 401.2 420.5 434.4 440 442.8 449.7 452.7 452.8 449.9 445.1 438 433.5 433
197.1 198 198.7 200.4 202 203.1 204.7 207.6 211 212.5 214.3 216.1 219.8 221 218.5 215.1 211.4 208.3 203.1 199.3 197.4 195.2 193 193 193 193 193 193 193.2 193.5 193.1 193.5 198.3 197.9 199.6 200 201.4 202.2 203.2 205.6 209.4 206.5 206.8 209.6 213.2 215.6 218.9 224.3 227 227.9 226.7 229.4 234.1 244.3 251.4 260 271.8 285.3 301.3 319.1 334.6 348.1 359 370.3 377.4 387.5 400.7 412.8 423.8 439.4 456.7 463.3 463.3 464.8 463.6 457.3 449.6 442.7 441.1 442.6
198.3 199.1 199.9 201.6 203.3 204.9 208.6 213 214.3 215.5 216.9 219.9 221.7 222.2 220.4 214.9 210 205.7 200.9 198.9 196.7 194.8 193 193 193 193 193 193 193.3 192.6 195.3 198 200.5 199.1 198.5 200 201.8 203.2 204.7 208.7 206.3 206.4 207.8 210.5 214.3 217.8 221.5 224.7 224.8 225.5 227.4 230.9 239 249.9 258.3 267 277.2 290.7 306.5 324.1 338.2 348.9 360.9 372.9 386 403.6 419.7 431.8 437.9 448.9 465.1 476.1 478 477.3 472.6 459.2 450.5 450 455.5 454.8
