data/NN17.asc
ncols 200
nrows 200
xllcorner 210000
yllcorner 770000
cellsize 50
[rows 36 to 71 of 200, columns 81 to 161 of 200]
30 29.7 29.3 28.4 27.6 27 26.4 25.9 25.2 24.6 24.3 24.4 24.6 25 24.6 24.4 24.5 24.5 24.6 24.8 24.4 24.8 24.5 24.2 24.2 25.3 27.2 28.4 29.7 32.1 35.7 41.2 47.6 54.3 61.9 64.3 67.1 71 75.3 79 81.6 84.2 90.7 99.4 97.9 108 114.2 117.4 121.1 128.9 132.8 134 135.3 137.5 139.5 142.3 145.5 147.6 149.2 151.5 153.3 153.8 153.4 151.2 149.5 149 148.1 148.3 149.3 150.6 152.1 153.6 154.4 155.2 155.8 156.5 156.3 156.2 156 155.5 154.4
29.6 28.8 29.7 28.5 27 26.4 26.3 25.3 24.1 23.7 23.6 23.8 23.9 24 23.7 23.5 23.5 24.3 25.9 28.3 27 27.9 28 25.8 26.8 27.8 29.1 30.3 32.2 34.6 41.4 48.6 54 61.1 72.2 71.6 75.8 77.8 81.2 83 89.1 91.3 96.9 98.6 99.5 106.5 114.1 120.9 126.7 131.2 133.4 134.6 136 137.5 140 142.8 145.2 146.9 148.7 150.7 153.2 153.1 152 150.3 149 147.6 147.2 147.2 148.4 149.8 151.3 152.7 153.9 154.4 155 155.6 156.3 156.2 156.2 156 155.3
31.2 30.1 29.2 29.4 28 26.8 26.1 24.6 23.2 22.4 22.9 23.3 23.4 23.2 22.7 22.6 24.1 25.6 27.2 29.4 30.1 31.2 28.9 26.3 27.9 29.7 30.5 31.5 33 37.1 46.7 54.5 60.3 68.1 74.3 76.6 82.1 86.6 87 87.2 96.2 98.5 97.3 99.9 107.2 115.2 120 124.7 129.3 131.6 133.8 134.7 135.6 137.6 140.5 143.1 144.5 146.2 146.9 148.1 149.6 149.6 149 148.4 147.1 146.6 146.2 146.1 147.5 148.9 150 151.2 152.4 153.3 154.1 154.8 155.4 156.1 156.2 156.4 155.8
33.7 32.2 31 30 28.6 27.3 26.1 24.7 23.1 21.6 22.1 22.5 22.6 22.5 22.7 23.5 24.6 26.2 27.7 28.6 29.8 28.5 28.7 29.1 30.1 31.5 32.5 34 35.8 43.5 53.1 60.2 67 73 77.9 84.1 91.2 94.2 93.2 91.6 98.9 99.2 99.7 102.4 117.1 119.7 123.2 127.8 131.3 132.8 133.5 134.4 135.8 137.8 140.6 142.4 143.7 145.3 145 146.1 146.5 146.6 146.1 145.7 145.2 144.3 143.9 144.8 146.1 147.3 148.4 149.6 150.8 151.5 152.2 153.8 154.5 155.3 156 156.3 156.3
34.8 34.3 31.6 30 28.7 27.5 26.2 24.9 23.3 21.6 21.3 21.5 21.7 21.7 23.2 24.7 25.7 26.9 27.7 29 29.3 30.1 30.6 31.1 31.7 33.3 35.4 39 45.1 51.7 58.9 66.9 74 78.3 82.8 87.8 93.9 97.4 99.4 97.3 98.5 100.1 100.7 108.2 118.9 119.9 124.1 129 133.3 132.4 133 134.1 135.7 137.7 139.9 141.7 143 143.3 143 143.6 143.7 143.8 143.4 142.9 142.4 141.8 141.2 141.5 142.2 144.2 146 147.3 148.3 148.8 149.7 151.2 153 153.7 154.5 155.9 156.3
34.7 36.3 31.6 30.1 29.2 27.9 26.5 24.6 22.9 21.4 21.5 21.6 21.4 22.4 23.8 25.3 26.9 28.2 28.5 30.6 31.6 31.5 30.6 31.3 34.7 36.8 39.7 44 53 58.4 66.6 72.9 79.4 82.4 85.6 90.8 96.3 99.4 102.1 102.2 98.9 100.8 100.4 108.7 117.2 119.8 124 128.5 130.8 131.1 132.5 133.7 135.6 137.6 139.7 141.4 142.1 141.6 141.2 140.9 140.8 141 140.6 140.1 139.6 138.9 138.2 138.2 139.6 140.9 142.9 144.5 146.4 145.8 146.6 148.9 150.3 151.2 152.3 154.4 155.2
33.8 33.3 30.9 30.2 29.3 28.4 26.7 23.4 22.4 20.1 21.9 21.2 21.6 23.2 24.8 26.4 28.5 29.4 29.9 29.9 31.2 32.4 32 34.3 37.7 40.5 48.1 53.1 60.5 67.2 74.7 78.6 81.9 86 88.6 93.1 98.5 102.2 104.9 107.1 103.7 103.1 108.6 108.8 114.6 118.4 122.4 126.1 127.8 130.5 132.8 133.8 135.7 137.8 139.9 141 140.6 140.2 139.7 139.5 138.7 138.1 137.9 137.3 136.6 136.1 135.5 135.1 136.7 138.1 140 142.1 145.7 145.2 145.4 146.3 147.5 148.2 148.6 150.7 152.9
32.3 31.4 30.1 29.5 29.7 28.5 27.1 23.7 22.1 22.6 21.9 21.7 22.1 23.5 25.8 27.6 29 27.6 27.7 28.4 30.4 33.3 35.7 37.4 40.6 49.3 55.2 59.4 66.6 75.3 80.8 83.5 84.9 88.2 92.2 97.6 101 105.1 107.6 108.8 108.6 103 107.3 109.9 111.1 116.2 118.4 123.2 126.3 130.1 133.3 134.2 136 138 140 139.6 139.6 139.5 138.6 138.1 137.6 135.7 135.1 134.5 134 133.6 132.7 131.9 133.7 135.5 136.5 139.2 140.4 143.1 143.6 144.7 148.3 146.9 146.2 145.4 148.4
30.1 29.2 27.9 28.4 28.4 28 26.2 22.8 22 22.2 21.9 22.2 22.7 23.7 25.2 26.5 26.3 25.9 26.8 29.7 31.7 34.1 38.6 42.7 49.9 55.3 60.3 66.5 72.2 78.1 86 86.6 88.9 91.5 95.5 99.7 103.4 107 109.5 111.5 112 110.7 103.9 109.3 110.5 114.1 115.9 122.3 126.6 130.6 134.1 134.7 136.4 138.2 139.5 139.6 139.5 138.8 138.1 136.7 136.5 134.9 133.4 132 131.5 131 129.9 128.8 131.1 131.5 132.5 132.6 133.4 136.9 141.6 141.3 148.3 148.6 144.5 139.7 125.4
25.9 25.3 24.7 24.8 24.4 24.8 22.2 21.6 21.8 22.1 22.6 22.7 23.3 23.7 24.8 27.3 28.3 30.1 31.3 33 35.2 41.8 46.6 50.9 55 61.3 66.3 71.3 77.2 86.7 93.4 92.1 93.4 95.2 98.6 102 104.4 108.6 111 112.8 114.3 113.9 109.4 108.7 110.5 112.3 118 123.5 128.5 133 136.7 137.1 136.8 138 139.1 139.2 139 138.3 137.6 135.4 134.3 132.4 130 129.3 128.7 127.8 124.9 123.4 126.2 127.1 127.2 126.5 127.2 127.8 134.7 136.1 136.9 125.8 118.4 117.9 117.6
21.8 22.6 20.5 20.6 20.8 21.6 21.9 21.1 22.1 22.3 22.7 24.4 23.6 24.9 28.2 30.2 32.6 35 35.6 37.4 38.8 47.6 54.1 58.6 64.9 68.2 74.4 79.6 83.7 90.2 94.3 95.9 97.6 98.9 102.5 108.5 108.5 111 113 114.7 115.8 116.7 114 108 111 112.4 118.6 124.5 129.6 134.6 137.6 137.6 136.9 137.9 138.1 138.5 138.2 137.7 136.7 133.2 130.6 127.6 126.8 126 125.5 122.4 118.5 121.7 114.8 116.6 121.3 124 123.3 120.4 110.3 109.4 109.7 110.7 113.7 123.3 117.8
20.1 21 21.5 20.6 21 22 22.1 22.4 22.7 23.3 24 26.6 28.1 31.5 33.7 36.1 37.1 39.4 41.2 45 48.7 54.4 63.6 66.8 70.8 75.6 79.1 83.6 92.2 98.3 96.5 98.3 101.8 105.5 112 112 113.3 114 115.5 118.7 120.1 118.1 115.8 112.2 107.5 111.5 118.6 125.9 131.1 134.1 135.9 135.9 136.6 136.9 137.1 136.8 135 133.3 132 129.2 125.8 123.8 121.1 118.1 114.5 107.2 107.7 114.2 110.6 118.8 123.3 125.5 121.2 111.5 109.1 108.6 115.5 114 125.1 124.8 122.9
21.3 22.7 22.9 21.8 21.8 24.1 25.4 23.9 25.7 26.3 28 31.1 34 36.5 37.7 39.3 41.2 43.5 46.2 49.5 55.5 63.3 73.2 73 75.7 78.3 81.5 87.8 95.1 94.6 96.2 99.7 106.7 114.5 112 113.4 113.7 116.3 119.2 124.5 120.6 118 111 105.5 107.4 109.6 118.5 123.9 128.5 130.9 131.4 131.8 132.3 132.8 133.2 133.1 130.7 129 127.2 123.8 120.9 115.4 112.6 108.7 107.6 103.6 102.3 103.5 104.1 106.8 116.7 111.8 105.1 110.1 119.1 127.4 127.5 126.1 127.7 135.8 141.2
22.5 23 24.2 24.1 23.5 26 26.4 26.6 28.5 29.7 32.3 35.1 37.5 39.2 40 42 43.9 47.3 51 57.2 63.3 69.5 75.8 77.6 79.4 81.3 84.2 87.2 90.2 94.4 99.1 103 108 109.5 108.5 108.3 110.7 114.3 118.9 118.6 117 112.2 103.1 100.6 107 109.4 112.9 119.3 121.5 125.7 124.2 123 126.1 127.7 129 130.7 127.8 120.9 117.1 112 114.3 107.6 101.7 99.4 102.9 98.9 101 100.8 101.5 102.2 103.8 108.9 123.1 130.5 127.4 126.7 130.9 128.1 138.2 136.8 137.7
22.5 22.7 25.8 28.2 27.5 28.6 28.6 30.2 32 33.9 35.9 38.5 39.6 40.5 42.2 44.1 47.4 52.1 57.1 62.6 67.1 70.4 74.9 77.5 79.5 81.6 84.4 88.5 92 97.9 101.9 104.4 106.4 107.1 103.4 104.1 103.7 106 108.8 108.2 108.2 106.1 98.8 99.1 103.1 105.8 110.2 109.6 116.7 117.6 117 118 120.2 124 125.3 126.3 115.9 107.4 107.1 105.7 105 97.5 97.5 98.8 99.6 100.5 101.2 101.1 106.1 112.6 122.7 132.8 135.2 136.8 136.5 136.3 134 135 136.2 137.5 138
21.3 22.9 24.8 27.2 30.1 30.8 31.5 33.3 35.5 36.1 38.4 40.1 41.5 42.9 43.9 46.1 50.9 55.9 60.3 64.5 67.8 70.5 73.9 76.6 79.3 82.1 85 88.7 96.4 99.6 100.3 100.9 100.4 101.6 100.1 100.7 101.1 102.3 101.2 96.2 93.5 94.7 95.8 98.5 100 103.5 104.8 106.1 107.8 108.5 110.1 111.5 114.9 118.8 115.6 112.7 107.7 105.1 104.7 100.2 98 98.3 98.7 99.1 99.5 101.5 103.6 105.1 111 116.4 119.7 122.4 130.1 132.7 128.9 131.6 135.7 138.4 139 139.2 141.3
21.4 22.2 23.8 26.6 31.4 32.1 32.9 34.3 36.5 38.5 39.7 41.3 42.8 42.9 44.6 48.8 53.6 58.3 62.4 66.1 68.4 71.1 73 75.4 78.7 82.2 85.7 89.5 94.6 96.6 95.8 96.2 96.8 96.8 96.1 97.6 97.7 96.3 90.2 90 91 92 94.9 96.3 96.8 98.8 100.4 102 103.8 104.8 105.4 105.2 105.4 105.4 105.2 104.5 103.9 101 101.3 97.8 97.8 98.6 99.2 99.3 100.5 103.4 106 107.7 110.8 113.5 115.2 116.5 123 129.9 132.1 135 136.2 138.2 139.2 143.1 143.4
21.2 20.7 23.6 26.3 29.3 32.9 33.9 35.7 38.6 39 40.7 42.5 43.8 45.9 47.6 51.5 56.2 60.5 64.1 67.2 69.4 71.8 73.7 75.9 79.3 82.3 86.3 88.9 92.2 93.2 92.8 94.7 94.4 91.6 92.5 93 90.3 87.5 83 88.3 90.1 91.7 91 90.1 90.8 93.1 95.7 97.8 98.9 99 99.8 101.4 99.5 99.3 103.5 102.1 100.3 98.7 95.8 97 98.9 99.5 101.1 104.1 105.4 106.4 111.2 113.2 114 115.5 116.3 119.6 125 130.5 135 137.9 139.9 140.1 140.4 143.7 147.3
22.3 22.2 23.7 24.8 28.8 33.8 36 38.7 38.3 39.3 41.3 43.5 44.9 48.3 50.8 54.3 58.5 62.3 65.8 68.1 70.4 72.6 74.8 77.7 80.5 82.9 85.4 88.6 87.9 87.3 93.2 89.3 88.3 88.2 87.4 86.1 83.2 81.3 83.7 86.3 87.9 85.8 84.1 82.5 82 86.1 89.2 90.7 92 91.2 94 95.5 93.8 95.5 96.7 94.9 94.1 94.3 96.2 98.4 100.8 102 105.8 109.4 110.4 113.6 119.4 121 122.9 125.8 129.3 132.5 136 140.3 143.3 142.6 143 144.9 147.5 152.1 152.7
22.9 22.2 22.9 26.1 26.5 34.5 37.6 37.7 38.7 39.8 41.4 44.6 46.7 50 52.4 55.4 58.9 62.9 66.2 68.6 70.8 72.5 74.4 77.1 80 82.3 83.7 85.5 84.3 84.5 85 84.7 86.6 84.6 81 80.7 79.7 77.9 79.1 80.8 80.7 80.6 79.9 79.7 79.8 79.1 82.8 85.3 88.8 87.6 88.9 89.6 88.9 89.8 88.8 91.3 94.9 97.8 100.1 102.1 106.2 109.1 111.7 115.6 121.8 124.1 128.5 129.3 129.4 132.8 137.1 140.9 143.2 147.4 147.5 147.7 150 152.2 156.6 159.4 159
23.7 23.6 20.9 23.7 25.9 35.1 37.3 37.7 38.8 39.7 41.8 43.4 45.3 47.8 50 54 57.5 60.7 64.8 67.8 69.5 71.1 72.9 75.4 76.9 79.1 80.1 80.1 82.8 83.9 82.6 78.7 77.1 76.3 72.4 75.5 75.9 73.5 74.6 75.3 77.1 78 78.5 78.9 79.4 80 81.9 83 83.3 82.4 84.3 84.3 84.4 87.5 93.2 97.1 99.4 101.3 103.7 104.9 109.7 117 118.5 121.7 128.6 131.6 134.2 136.6 136.4 137.6 141.9 146.1 149.2 150.4 152.3 153.7 156.7 160 163.8 164.5 164.9
26.2 24.7 24.9 23.9 27 34.4 36.2 37.7 37.2 36.8 37.2 38.8 38.8 43.2 45.2 50.2 53.7 57.6 62.5 65.4 67.4 69.3 69.4 70.1 70.3 71.8 76.2 79.7 81.2 77.1 72.1 69 69.2 69.2 68.5 70.7 71.7 71.3 69.9 72 75.7 76.8 77.5 78.1 78.7 79.2 80.4 80.7 78.3 81.2 82 83.6 85.4 93.8 99.7 103 105.6 107.4 109.4 109.6 115.7 121.7 124.3 127.3 132.3 136.9 138.2 140.8 141.2 141.7 145.4 150.5 153 154.6 156.7 160.6 164.1 167.4 168.7 169.3 169.9
28.1 30 25.4 24.2 27.6 33.9 36.8 36.3 33 36 35.6 33.3 34.7 37.6 39.6 38.9 42.3 49.8 55.5 59.5 61.8 63.7 63.1 63 67 70.9 69.4 70.1 68.3 65.8 63.7 65.5 66.7 67 66.8 66.5 67.7 69.7 69.7 69.9 74.5 75.6 76.4 76.8 77.4 78.2 78.6 78.9 81.8 83.6 85.2 85.2 91.1 100.8 106.2 108.6 112.3 114.5 120.1 124.5 127.6 131.4 133.4 132.8 135.2 140.6 144.4 147.3 147 147.2 150.9 155.2 158.5 161.2 164.5 167.7 171.2 173.1 174 174.6 175.1
27.2 29.6 25.1 26.1 27.1 31.5 35.7 33.8 29.8 36.8 37.8 35.4 37.5 34.7 34.8 40.1 41.4 39.3 44 52.8 56.8 54 53.1 57.8 62 65 63.5 62.5 63.1 64.8 69.2 69.6 73.8 73.2 71.8 69.4 67.1 68.2 72.5 71.6 73.7 74.3 75.2 75.5 75.1 75.7 79.3 82.6 88.3 91.1 93.4 95.6 100 106.5 111.2 114.6 119 123.9 129.4 134.5 138.9 143.8 143.2 142.2 138.3 144.6 149.3 152.5 154.5 156.2 156.7 160.9 165.7 170.1 173.5 174.7 177.1 178.5 178.8 178.9 178.4
27.5 30.3 32.2 29.4 31.5 35.8 38 37 40 37.3 40.5 42.1 44.1 45 47.3 49.1 51.6 52.1 44 42.8 48 56.9 62.5 63.9 61.9 63 65.4 64 67.5 70.4 73.2 76.8 77.8 76.7 75 72.5 72.9 75.2 78.1 80.4 82.8 81.5 81.7 86.6 89.7 91.3 92.9 94.9 95.6 97.9 102.8 105.3 107.9 112.9 118 122.3 126 130.4 136.4 142.7 146.5 149.2 149.8 149 146.5 149.2 153.9 158.3 162.9 165.5 168.3 169.8 174.4 178.5 180.3 181.6 182.6 183.6 183.4 182.9 181.4
29 31.3 40.8 39.3 34.8 37.8 39 38.5 40 40.6 44.3 48 50.8 53.9 56.1 57.8 60.1 61.6 64.4 62.4 63.9 64.5 66.5 66.4 66.2 68 70.1 68.7 71.8 70.4 72 73.8 72.3 73.4 73.2 72.3 77.8 79.3 82.1 88.9 92.1 93.2 97.8 102.5 104 105.9 105.7 104.1 102.6 104.1 110.8 115 119.2 121.3 125.9 129.4 133.2 137.3 142.3 147.9 151.1 153.8 155.3 155.3 153.7 154.5 160.4 164 170.4 175 179.8 180.4 180.8 183.5 185.6 187.5 188.2 188.2 187.6 186.1 184.5
31.9 31.2 41.9 40.9 34.5 38.1 39.7 41.3 44.5 45.1 48.5 53.1 56.4 58.9 61.1 63 65.3 66.8 66.6 65.9 66.9 67.4 67.8 67.8 67.7 70.7 74 73.1 72.2 69 69.2 70.3 71.5 74.1 77.5 82.4 87.3 91.1 94.5 97.6 100.5 108.9 109.4 112.9 111 111.8 110.9 109.3 113.5 114.7 118.9 123.9 128.6 130.7 133.1 135.8 137.7 139.5 143.6 150.5 155.5 158.8 159 162.4 158.8 161.9 166.8 177.4 183.6 186.6 188.6 188.9 189.7 189.8 190.9 193 193.6 192.5 191.5 190 188.8
36.1 32.3 34.4 36.7 36.6 37.2 40.2 42.5 50 49.5 53.2 56.8 59 62.2 65.4 67.7 68.1 68.4 68.3 68.1 67.2 67.3 67.6 67.9 68.9 70.5 70.4 67.9 66.9 68.4 70.1 72.9 75.2 80.2 86 92.4 98.6 102.2 106.7 110.3 116.8 120.3 122.3 123 124.1 126.3 124.8 122.1 123.3 125.3 127.7 131.9 135.9 139.7 140.1 141.4 143.9 146.2 148.7 154.5 161.9 166.1 172.2 171 164.6 176.3 187.9 194.9 200.1 201.5 200.5 197.4 197.6 198 199.9 201 199.5 198 196.7 195.4 195.5
33 34.8 34.5 36.5 37.1 41.2 43.4 43.6 54.6 52.4 55.9 58.3 60.1 62.8 65.2 65.9 66.3 67.2 67.6 67.6 67.2 67.2 67.4 66.5 64.2 63.4 63.6 64.9 67.1 69.6 75.5 77 79.1 86.6 93.3 101 108 114.2 121.2 125.8 132.8 137.9 140.6 142.2 139 138.7 137.2 138.2 136.3 137.4 139.1 139.5 141.9 145 149.1 151.4 152.8 155.3 157.7 161.3 167.2 177.4 182.2 179.7 173.7 194 204.3 210.2 213.9 214.2 213.5 209.7 207 205.9 207.5 208.7 208.4 207.3 206.4 209.2 211.7
39.5 38.5 34.3 36.2 37.1 43 46.6 44.6 49.5 53.6 55.9 58.1 60 61.5 63.1 63.8 64.4 65.1 66.1 66.6 66.6 65.9 65.9 63.7 60.7 61.5 63.8 69 74.5 80.1 84 87.7 85.6 86.9 100.1 109.3 116 125.3 132.2 137.3 141.8 145.3 147.1 148.3 145.3 144.4 144.6 145.7 144.1 143.7 146.1 147.7 149.3 155.5 161.9 164 164.8 168.8 173.2 180 185.8 190.1 190.9 186.7 192.4 208.4 217 222.6 225.5 225.3 223.4 220.5 215.4 214.3 215 216.2 216.6 218.7 221.8 226.5 227.3
32.9 33.7 34 36.7 39.7 46.2 50.4 45.8 50.4 52.4 54.7 57.2 59.5 60.6 62.7 63.3 62.6 62.7 64.1 65.2 64.7 63.1 60.9 59.4 62 69.9 77.2 84.1 91 93.5 96 99.5 98.3 87.6 101 113.1 122.2 134 143.9 147.5 149.3 151.3 151.8 150.6 147 150.8 151.2 151 150.2 155.9 158.1 160 164.7 169.4 173.8 177.1 179.9 184 189.4 195.7 201.6 203.1 201.3 192.6 204.4 219.3 228.7 233 236.9 237.1 235.5 229.7 223.8 224.1 225.6 226.6 230 232.9 237.5 249.3 255.6
31.6 31.1 33.4 36.9 41.2 46.9 48.2 47.4 50.1 52.1 54.2 56.6 57.8 58.5 61.4 59.6 58.6 59.7 60.4 60.3 58.8 58.6 59.8 73.6 81.4 86.2 91.4 95.6 104.9 106 109.5 111.1 110.4 106.4 100.4 114 128 135.8 146.3 151.7 155.4 156.9 155.9 153.6 151.6 156.3 157.5 156.9 156.3 160.2 170.5 174.6 177.4 181.5 185.7 188.4 193 203.4 217 229.7 234.8 233.3 220.9 195.5 217.7 231.3 239.4 247.3 245.7 244 241.5 235.7 232.4 234 237.6 242.8 251.4 258.4 262.8 271.7 279.6
30.7 31.3 35.7 38.8 46.3 45.6 45.3 52.5 51.8 52.4 53.9 55.9 55.5 55.3 56 57.3 56.6 56.5 56.5 54.5 60.6 69.9 83 93.3 97.1 100 102.9 108.2 115.2 118.4 120.6 123.2 119.9 119.5 117.5 117.1 132.6 139.4 143.4 152.5 154.6 155.7 157.5 156.2 157.3 162.5 162.7 163.5 164.6 167.3 177.9 190.7 201.2 206.1 211.3 216.9 224.8 237.8 254.4 260.5 257.8 241.4 207.3 214 232.7 242.8 250.7 255.4 254.7 255.5 253.2 248.3 246.5 244.7 252.4 258.9 270.3 279.3 288.8 293.4 300.9
31.4 32.3 36.3 43 49.3 45 47.2 52.9 52.2 51.7 53.1 53.4 53.7 53.9 53.1 55.6 53.2 52.8 59 70.2 82.3 93.8 100.4 106.2 110.6 114.6 118.3 122.8 127.7 133.2 136 137.5 132.7 133.6 133.9 131.4 139.3 143.1 148.2 149.6 154 158.3 159.5 158.7 161.7 166.7 168.4 171.1 173.9 183.1 196.8 212.8 226.4 232.9 240.9 247.6 251.5 275 276 263.8 247.3 220.3 229.4 246.9 258.4 263.7 268.9 270 268.1 268.3 269.5 266.1 262.4 259.6 263.7 272.5 283.2 294.5 304.4 311.2 317.9
30.3 33.3 37.5 42.9 44.5 44.6 51 52.8 51.5 50.9 48.4 51.1 53.8 54.5 54.5 53.2 53.8 65.9 78.6 93.2 104.1 108.2 115.5 119.8 123.6 127.6 133.8 139.2 144.8 148 152 152.1 147.2 148.4 148.4 143.3 141.4 149 154.3 157.6 160.2 160.6 162.2 167.5 174.9 181.1 180.3 181.4 185.6 197.8 215.2 230.5 245.5 257.3 269.8 274.5 271.4 284.8 278.4 252.7 229.2 233.3 256.7 282.7 292.6 290.8 288.8 287.5 284 285.4 284.6 282.8 281.2 275.8 276.9 287 298.5 310.2 319.7 326.8 332.2
30.3 34.2 37.4 40.6 40.5 39.2 54.4 55.3 50.5 50.2 49.1 52.3 56.4 56.3 55.9 60 72.4 86.4 99.9 109.5 118.8 123.7 128.3 131.9 135.4 139.9 146.9 156.5 170 172.4 173.4 168.3 161 156.4 155.6 152.9 151.3 154.9 157.7 162.2 164.1 164.5 168.9 179.9 188.6 191.9 192.3 194.9 200.6 209.4 231.1 246.4 257.2 267.9 274.4 274.9 285.4 285 273 244.3 245.4 263.4 286.8 310.1 310.5 311.2 308.1 304.5 305.3 303.9 296.3 295.2 292.6 291.6 294.4 301.9 313.6 322.9 333.7 339.9 346.6
