data/NN17.asc
ncols 200
nrows 200
xllcorner 210000
yllcorner 770000
cellsize 50
[rows 0 to 35 of 200, columns 0 to 80 of 200]
194.5 190.3 186.8 183.2 179.5 179.2 175.7 173.2 172.9 169.5 169.8 168.3 168.5 169.5 163.6 161.8 167.2 159.4 162.5 160.1 153.5 159.8 156.3 157.7 154.8 153.9 152.8 151.6 151.5 147.6 155.3 156.1 157.2 155.7 156.7 157.2 157.8 150.9 153.2 148.3 147.5 147.8 150.4 154.7 154.2 147.7 151 151.5 147.8 151.2 142.3 136.8 134 130.4 124.7 121.2 118.4 115.3 110.4 101.9 95.9 93.4 89.7 88.1 81.7 72.2 63.4 55.1 51.1 44.1 42 36.7 32 26.7 36.6 31.1 32.4 27 23 24.1 14.9
182.1 179.1 177.1 175.9 173.5 172 170.6 170.7 170.9 169.9 167.4 165.4 164.7 164.4 164 157.4 157.1 153.4 151.7 150 156.1 155.3 152.1 146.4 146.5 145.5 135.5 144 137.8 135.1 146.9 147.4 151.3 147.9 137.1 133 137.5 136.9 133.7 125.7 114.3 111.5 124 128.2 134.1 137.7 140.8 139 137.7 135.3 130.3 129.2 124.1 121.1 118.6 116.6 115 111.5 106.2 100.8 99.7 91 85.2 79.9 76.5 67.4 59 53.4 53.4 40.8 37.8 35.4 26.8 35.3 34.1 31 31.2 26.3 22.3 23.9 14.1
176.7 174.9 174.7 175.1 170.5 169.3 167.6 167.8 168.1 167.1 166.5 161.5 159.5 157.8 155.5 153.6 153.7 152.5 150 153.8 150.1 146.8 144.8 142.8 143.7 145.2 148.4 147.6 145.1 144.5 141.8 128.6 121.9 123.7 119.6 120.9 111.7 110.8 111 109.2 115.5 108.7 99.6 96 114.9 124.4 127.9 129 127 126.5 122.6 121 115.3 115.4 113 111.7 109 104.7 99.1 95 90 84.5 78.9 73.7 70.1 64 57.9 51.7 52.4 40.4 36.6 29.5 32.4 39.2 31.7 30.5 29.5 27.8 22.6 20.7 12.6
174.4 172.9 172.2 172.2 166 165.6 165.3 164.9 165.9 163.4 161.3 159.6 162.5 161.5 160.1 160 158.6 158.8 159.5 158.9 153.2 157.5 159 157.9 158.9 156.8 160.9 157.4 153.4 152.2 152.2 150 148.9 145 143.6 140.4 138.4 134.2 133.6 132.2 135.5 130.7 116.7 98.3 94.8 104 108.8 107.1 108 110.7 113.3 110 107.3 108 105.8 107.3 102.3 97.7 94.3 89.3 85.8 82.3 75.8 74.1 70.8 59.7 54.7 44.5 49.4 38.3 33.9 26.8 33.7 38.3 32.4 30.4 29.1 27 20.8 16.9 11.6
172.2 172.1 170 166.8 166.1 165.3 165.6 165.5 163.8 163.6 160.9 162 164.2 167.1 165.9 167.2 166.3 167.6 168.5 169.3 166.3 167 167.2 165.3 164.4 162.6 162.7 160.9 159.4 160.8 160.1 157.9 157.7 155.2 155.6 151.5 149.7 146.1 143.6 146.4 142.4 140.1 137.4 119.7 98.9 83.9 81.8 78 83.5 85 98.5 103.8 101.5 99.9 100.5 100 97.1 93.2 92.5 86.1 81 78 74 71.6 65.3 54.6 49.9 43.9 46.9 38.9 32.7 26.8 34.7 37.9 34.7 32.4 30.9 26 15.6 11.6 18.3
171.1 169.6 167.4 165.8 167.3 167.6 167.5 166.8 166.3 167.8 169 169.7 169.3 171.3 175.6 174.7 175.5 175.5 175.8 177.6 175.8 174.7 174.3 174 171.8 171.7 169.9 168.2 168.3 166.5 165.4 163.9 162.4 160.7 157.8 154.3 152.8 150.4 145.8 144.6 142.8 142.8 148.7 135.7 123.7 107.9 94.8 90.3 83 75.2 75.6 85.6 91.1 94.9 93.2 92.2 88.9 88.3 83.6 78.8 76.5 73.9 73.1 68.7 61.9 53.4 44.8 41.2 41 42.1 31.7 29.4 33 36.3 38.2 33.7 31.4 18.2 11.6 23.3 26.8
168.6 167.6 167 168.8 169.9 169.8 170.3 171.8 172.4 173.3 175.4 176.9 178.2 181 182.3 183.5 187.8 187.5 189.4 188.2 186.6 188.3 188.7 185.3 184 184.9 182.5 179.4 178.6 175.5 172.3 168.6 167 167.1 159.7 156.7 152.5 150.1 148.1 147 145 141.5 139.2 134.9 131.5 124.6 109.7 106.1 97.5 89.4 73.9 64.8 75.8 87 87.4 86.8 83.8 81.3 78.3 75.6 71.9 70.1 75.3 66.8 56.2 47.8 41.5 34.8 34.7 34.1 26.8 30.8 31.5 33.2 35.9 31.2 25.2 10.5 20.4 27.5 29.4
169.1 166.5 169.4 171.4 173.2 174.3 175.3 178.4 181.2 180.9 184.9 187.5 188.2 191 194.9 199.2 203.2 204.6 205.1 204.5 203.9 206.6 208.6 206.3 200.1 198.6 196.3 191.2 188.1 184 181.7 175.6 169.6 167.2 162.1 156.8 154.9 151 149.8 147.9 145.4 139.3 135.7 133 131.2 130.2 114.6 108.6 105 95.9 89 73.7 58.7 63.4 74.1 81 78.4 76.5 73.5 70.5 67.7 65.3 70.2 60 52.7 48.2 39.4 34.6 31.6 28.6 26.8 25.1 27.7 29.9 29.7 26 14.8 10.5 27.1 28.5 31
173.1 173.1 174.6 178.3 178.6 184.2 181.2 189.1 190.6 192.5 196.5 198.5 202.3 206.5 211.5 217.7 221.2 223.9 223.7 222.8 223.9 227.2 235 229.7 221.5 215.6 212.3 204.1 199 195.5 190.2 186.9 179.5 172.2 162.8 161.2 157.6 151.5 148.1 147.7 141.6 137.8 138.7 132.1 127.6 122.2 115.4 109.3 105.6 100.5 93.6 88 83.1 68.1 51.5 64.7 64.1 66.8 67.9 67.2 61.8 57.4 56.9 53 48.6 46.3 38.4 33.4 30.5 26.8 29.2 26.4 23.5 24.9 24.7 14.2 10.5 22.4 29.9 31.5 35
179.1 184.1 181.1 186.8 186.5 190.9 195 200.3 207.4 208.1 211.4 213.5 216 223.9 229.3 234 237.2 237.6 236 236.1 238.7 241.9 248.6 245 238.8 232 226 219.2 213.5 209.4 205.2 199.3 188.4 178.5 175.5 171.2 162.3 159.2 153.2 147.7 143.1 143.2 139.4 137.2 130.9 123.8 118.2 111.3 108 102.9 95.1 90.3 84.7 79.3 69.8 49.4 50.2 48.8 55.8 56.1 52.8 49.9 49.5 47.5 45 40.6 34.7 31.8 29.9 26.8 27.4 26.5 21.4 21.8 12.8 10.5 22.2 32.2 34.1 36.7 39.3
189.2 191.7 193.5 196.6 197.8 202.5 208.8 216 220 223.7 226.3 230 231.7 239.2 244 247.5 249.5 249.9 250.5 251.4 249.8 251.2 252.8 250.2 245.2 239.6 232.6 226 225 218.1 215.8 209.5 196.8 187.7 179.6 173 167.3 160.2 158.7 153.9 152.7 151.9 150 141.3 133.4 128 119.4 113.8 110.2 98.7 93.6 89.7 87 78.9 75.5 71.3 70.3 61.6 42.1 42.4 34.4 40.2 42.2 41.5 38.9 36.1 33.7 31.1 26.8 27.1 23.6 21.9 18.1 10.9 10.5 18.7 33.7 33.2 34.1 37.5 42.7
197.5 201.5 204.6 206.2 210.8 215.5 222.3 229.4 235.3 238.7 242.9 243.4 244.2 248.9 253.2 258.5 260.3 260.6 260.7 262.3 258.1 257.9 257.4 254.1 250.8 245.4 242.7 234.8 228.9 225 218.1 210.5 197.4 194.6 188.4 183.7 178.4 171.6 167.7 167.3 165.5 161.5 155.5 145.5 136 133.2 121 115 108.9 100.8 95.3 92.3 90.3 84.3 80.2 78.3 75.1 68.4 64.6 53.9 46.8 31.5 37.7 38.2 36.2 33.8 31.7 26.8 28.3 24.7 21.1 17.4 10.5 10.5 17.5 26.7 31.8 32.3 39.1 40.2 40.4
211.7 215.7 217.1 222.1 225.8 229.5 233.8 243.1 246.1 248.3 252.7 256.2 254.3 255.9 262.5 267.2 271.1 271.5 269.7 271.9 265.4 263.9 261 259.8 255.1 251.4 247.4 241.8 235.4 229.8 221.1 214.7 209.1 202.9 198.6 194 191.1 182.3 184.6 183.4 177.8 167.9 157.9 148.8 142.1 136.1 124.3 118.5 112.3 106.5 98.5 95.7 90.2 88.5 80.9 76.2 72.3 66.3 60.9 54.2 47.8 32.1 34.8 35 33.1 31.8 29.9 26.8 26.2 22.2 18.9 11.7 10.5 18.4 27.5 30.2 32 36.2 38.9 39.2 38.2
229 233.9 235.2 240.3 240.5 239.1 244 251.9 256.3 256.4 258.9 264.5 261.9 264.9 270.5 274.5 274.5 274.4 273.1 272.2 270.6 268.1 268.8 268.1 264.7 261 259.3 252.9 241.8 237.4 236 225.6 219.5 213.2 213.2 211.1 206.2 199.3 201.2 194.5 181.5 175.3 161.5 153.6 145.6 137.1 126.6 119 113.3 107.9 101 98.1 90.8 86.5 81.3 77.1 73.2 64 57.9 50.7 42.4 33 26.6 30.8 31.6 30.2 27 28 23.4 20.1 15.7 10.5 16.3 27.6 30.3 33 34.2 41.1 38.3 37.1 37.3
240.8 243.1 246.3 248.4 250.7 251.6 255.5 260.6 264.6 263.9 267.2 269.2 268.9 272.2 274.3 276.1 276.2 275.4 274.8 274.4 273.3 271.6 271.4 269.4 266.1 264.4 258.4 253.2 250.2 244.7 241 237 231.5 228.6 226.7 223.4 218.3 214.8 209.8 202.6 191.1 180.1 167.9 161.6 151.6 137.4 135.7 120 110.5 107 100.8 98.2 93.1 93.1 80 75.8 72.1 62.2 49.5 44.6 38.1 31.7 26.7 23.8 29.8 28.8 26.8 25.6 20.8 16.8 10.5 15.5 24.2 30.4 31.5 33.1 35.2 45.1 37.2 36.7 39.3
250.6 254 258 261.5 264.6 263.5 267.5 275.4 277.4 275.8 276 274.2 275.4 276.9 277.6 278.3 279.3 278.4 277.3 277.6 277.4 279 276.4 270 267.4 265.9 264.9 262.5 263.6 262 261 257.9 252 249.1 240.5 235.2 228.9 226.1 221.9 212.7 204.2 188.7 176.7 168.7 154.2 141.5 133.6 123.5 110.8 103.7 100.2 97.4 92.4 88.4 79.3 70.4 64.9 56.8 46.9 41.4 37.8 31.6 26.2 19.9 28.9 26.8 26 25.3 18.3 10.5 12.9 22.4 26.7 29.3 32.8 37.3 36.3 39.8 35.8 37.8 44.7
258.3 262.6 269.4 272.9 271.9 270.3 275.5 281.7 277.8 277.5 277.5 279.1 284.3 287.7 284.8 283.8 283.2 284.7 280.9 279.6 279 278.6 272.5 271.2 270.5 273.6 274.9 276.3 279 286.2 287.7 286.6 281.2 272.3 260.1 251 243.5 246 245.3 232.9 220 203.6 186.3 175.6 161.8 145.4 136 123.9 113.1 104.9 99 93.5 89.3 84.4 79.4 67.7 61.7 54.1 44 39.1 35.5 29.7 25.9 27.9 26.8 27.8 27.2 26 13.3 10.5 15.6 21.5 24.8 26.6 36.2 35.8 37 34.5 36.7 43.1 50.5
265.3 270.2 276.2 277.6 275.5 274 275.8 276.8 277.7 279.6 289.1 287.3 290 290.5 288.6 286 289.9 290.8 285 282.7 280.9 275.3 274.6 273.7 273.9 278.3 283 289.1 295.8 307.6 309.2 306.2 298.7 294.7 284.5 271.3 263.3 266 268.8 250.6 231 213.9 195.8 178.9 163.9 150.1 137.5 125.6 114.9 105.5 99.7 95.1 91 82.9 75.3 64.5 56 50.4 43.8 37.4 33.4 26.8 26.8 24.6 24.2 25.2 25.4 25.2 17.2 10.5 11.6 20.2 23.5 26 34.2 34.4 35.1 34.6 42.2 48.6 55.6
274 276.3 277 276.9 276.3 274.5 275.2 276.5 283.2 287.1 290.3 291.6 289.7 285.3 286.2 284 287.5 289.1 285.6 280.3 278.9 275.8 274.8 275.9 276.4 280.3 287.2 295.7 304.9 315.1 317.6 311.3 306 307.1 300.6 291.1 285.4 279.3 275.5 257.1 241.8 216.5 191.8 172.4 165.1 152.9 140.6 128.8 115.8 107.1 101.3 96.5 88 79.4 72.8 64.9 52.3 46.7 40.3 37.9 30.8 26.8 25.2 21.5 19.8 22.7 23.3 24 21.1 11.8 11 17.5 21.1 24.9 32.5 33.9 31.1 38.9 47.6 53.8 62.3
278.9 278.2 277.5 276.8 276.1 274.4 274.1 279 284.4 287.2 290.7 289.2 285.6 280.8 278.5 278 281.8 287 282.3 279.1 279.2 278.7 275.4 276.8 277.8 285 289.5 295.9 307.3 313.9 314.7 316 315.9 313.3 307.8 298.1 294 284.9 277.3 258.3 239.3 210.6 189.4 173.1 163.7 151.8 139.9 128.8 116.9 106.5 99 90.4 85.2 77.5 70.5 60.3 50.4 45 40 34.6 27.1 26.8 19.8 19.2 16.1 18.1 22 23.2 28.1 20.8 10.9 9.5 19.8 24.2 29.9 31.7 30.9 42.7 51.8 59.3 67
284.8 280.4 279.3 277.2 276.8 272.9 273.2 277.3 285.2 285.2 284.5 281.2 281.5 273 270.6 272.4 276.2 279.8 278.5 279.4 276.3 275.8 274.2 274.4 277.6 283.8 287 294.3 302.7 310.9 321 325.4 320.7 317.6 311.7 302.7 291.5 279.7 271.3 260.7 233.4 200.2 182.8 171.3 163.2 151.8 141.6 127.8 116.1 108.3 99.9 92.1 81.2 71.7 63.7 54 46 44.3 39.8 31.1 26.8 26.6 18.7 17.8 16.5 16.6 20.1 24 28.2 21 13.4 9.6 16.2 20.7 28.8 26.3 39.2 47 55.5 64 71.9
284.7 281.9 279 275.5 273.3 270.8 272.4 277.1 283.3 283.7 280.1 274.7 271.4 263.6 264.6 265.4 270 274.4 271.9 271.4 268.8 271.1 271.1 271.4 275.8 279.1 283.9 292.6 305 315.6 321.1 318.1 316.4 309.8 304 295 280.3 272.3 265.2 239.4 212.1 191.8 177.2 165.5 157.7 147.7 134.9 122.9 111.8 100.6 88.1 82 72.6 65.3 54.6 49.9 43.9 41.9 36.5 31.4 26.8 21.7 18 16.4 13.2 17.2 19.3 25.6 26.5 19.9 15.1 9.6 11.1 23.2 28.1 34.8 43.3 51.4 59.9 68.3 75.4
278.9 273.9 274.1 270 266.6 263.6 268.2 273.2 277.2 274.1 271.1 266.3 260.4 255.6 259.3 258.8 264.4 265.4 262.7 262.2 260.3 262.7 262.6 267.6 268.5 274.8 280.2 293.7 304.7 311.6 309.7 306.7 305.1 296.4 288 275.4 263.8 258.4 239.2 213.7 196.7 182.3 168.8 157.8 149.4 138.8 126.7 117.1 103.9 93.5 84.5 75.8 68.2 57.9 52.6 47.9 42.4 37.9 33.3 29.7 26.8 20 17.1 13.2 14.9 17.4 20.5 22.7 23.3 20.9 21.4 9.6 9.6 25.1 34.4 39.4 47.7 55.9 63.6 71.9 78.1
271.5 267.3 266.3 260.9 256.5 256.9 264.3 266.6 267.6 265 259.9 255 248.5 252.2 254.5 256 256.3 256.7 254.6 250.5 249.9 250.6 253.2 256.9 261.4 266.3 278.2 291.4 299.2 295.8 290.9 287.5 283.4 278.1 267.2 257.5 245.3 228.7 211 202.1 190.8 173.4 157.7 146.9 137.6 128.2 114.3 105.2 91.7 85 78.4 71.7 64.4 57.1 52.5 46.5 41.4 36.2 30.9 26.8 28.1 20.9 12.1 13 14.6 16.9 21.3 22.4 22.8 23 21.7 9.6 9.6 28.7 36.9 41.7 52.1 60.1 66.9 74.5 79.4
267.1 263 259.4 255.8 248.9 250.4 256.4 255.7 255 255.4 248.4 244.2 244.1 251.5 252 260.9 256.5 250.8 248 245.2 240.8 243.9 245 249.6 254.5 261.4 275.4 283.6 287.3 290.4 281.8 274 265.9 258.2 248.7 234.8 220.9 210.1 200 189 173.6 158.8 143.6 132.1 125.6 112.8 100.2 97 88.3 80.2 75 66.5 55.6 53.1 50 44.9 41.7 37.9 29 26.8 24.6 17.8 12.1 12.8 14.9 17.1 19.8 22.5 23.3 24.6 9.6 9.6 22.5 29.9 35 45 55.6 63.8 69.9 77.4 80.9
267.9 264 255.4 249.2 241.2 242.4 243.7 242.3 243.2 240 239.3 240.7 237.4 241.9 245.2 247.8 247.4 243.8 244.4 238.7 233.8 232.3 235 238.8 247.3 260.2 268.8 274.2 275 269.9 263.8 255.7 247 235.5 231.5 223.1 210.4 199.4 186.4 176.9 167.7 150.5 134.1 121 112.6 104.3 93.2 87.8 90 82.7 72.4 59.5 53.4 49.2 46 43.1 38.9 32.8 26.8 20.9 13.9 11.2 11.3 11.6 15.3 17.3 19.5 23 23.6 19.3 9.6 13.4 31.7 34.7 39.8 49.7 59.4 66.7 72.5 79.4 78.5
264.1 257.7 250.6 242.5 232.5 234.6 234.1 233.2 230.2 230.2 232.5 235.8 234.4 234.6 237.3 237 236.8 237.5 238.5 230.8 228.5 224.8 229 232.5 238.4 248.9 257.3 259.7 257.3 253.7 247.1 237.2 229.3 224.9 219.6 200.4 197.9 188.2 178.4 161.4 149.7 139.9 125.8 114.9 102.8 92.3 85.3 81.9 79.4 74.2 63 56.4 50.1 46.8 44.9 43.3 31.7 26.8 24.4 12.9 11.9 10.8 10.5 10.4 13.8 16.2 19.6 14.3 14.1 9.6 12 31.3 37.8 39.5 46.8 55.5 62.8 68.1 75.8 74.8 74.1
256.4 249.8 241 235.8 228.2 225.9 225.5 224.9 223.4 228.1 231.5 232.6 232.5 228.3 227.8 228.8 228.9 225 224.7 221.3 221.2 216.6 221.1 226 230.5 234.3 239.6 239.8 239.1 234.6 226.2 224.8 216 208.4 199 185.6 181 172.2 164.6 144.1 136 127.6 113.2 101.7 91.1 86.2 78.8 75.5 69.8 63 55.7 48.5 46.9 46.3 44.9 41.9 27 27.4 12.6 10.4 8.8 8.6 8.6 8.6 14.1 14 13.5 13.5 9.6 10.4 25.3 39.8 43.9 43.5 52.3 59.6 70 69.3 72.3 71 78.2
248.5 239.7 234.3 228.1 220.4 219.1 217.4 219 219.8 224.7 229.7 229.4 228.8 224 225.4 224.2 221.3 217.8 217.6 214 210 210.1 212.2 213.3 214.8 217 218.3 218.5 216.6 219.8 217.6 207.9 199.8 186.3 181.4 171.8 164.1 158.7 145.9 128.5 121.1 110.9 99.4 91.9 82.3 77.6 75.4 70.2 58.5 53.7 49.8 48.6 45.2 44.5 46.3 31.3 26.8 14.2 8.6 8.6 8.6 8.6 8.6 8.6 11 15.6 13.1 9.6 12.7 29.1 33.4 38.8 41.5 49.1 58.2 64.8 61.8 65.7 63 66.2 75.4
237.9 233 227.4 222.4 218.2 212.2 211.4 214.4 216.4 219.9 222.1 221.2 220 220 216.3 219.3 216.5 212.1 208.6 206.7 200.9 199.5 199.3 200.3 202.2 201.8 202.3 205.1 207.5 207 199.7 190.8 180.6 169.9 157.9 149.4 154 142.6 128.1 112.4 104.7 95.6 88 81.7 72.7 67.1 62.6 55.9 50.4 47.5 47.5 45.9 44.5 42.6 35 27 19.6 8.6 8.6 8.6 12.2 15.3 19 13.4 8.6 8.6 8.6 12.4 23.1 38.8 40.4 39.3 42.9 52.2 56.8 57.2 53.7 52 57.1 63.1 65.9
225.1 221.1 220.3 217.1 214.4 210.3 209.1 209.8 211.4 212.6 213 211.6 215.5 211.3 206 209.9 208.8 202.7 198.9 197 189.3 187.8 191 189 192.2 189.9 192.6 195.6 192.5 188.5 182 174 168 157.9 142.7 133.7 128 116.4 108.1 96 92.5 85.2 78.2 69.9 63.3 59.5 55.5 50.4 46.1 44.3 46.4 44 43.8 42.5 26.8 25.2 8.6 8.6 8.8 14.8 15.1 18.8 27.1 17.7 11.3 8.6 12.7 25.6 34.6 41.2 41.3 42.6 47.2 51 53.4 53.6 47.7 50.8 58.3 65.9 66.5
216.7 210.6 211.9 219.2 211.3 208.3 205.7 207.6 208.7 208.5 205.7 201.5 202.1 199.1 196 197.8 196.6 190.6 187.8 184.1 179 181.5 184.6 185.5 183.2 179.5 180.4 176.8 174.4 164.7 156.3 151.8 146.8 136.3 128.7 122.3 108.5 103.9 96.8 88.5 83.1 78.9 67.4 58.7 60 51.9 47.9 46.6 43.5 42 44.9 43.9 43.1 29.1 26.8 13.3 8.6 8.9 12 14.5 15.2 16.8 24.4 19.6 17.6 16.9 25.5 34.9 37.9 40.7 42.9 44.8 55 51.9 49.9 43.2 46.4 55.7 66.8 66.2 64
208.1 204.6 207.2 211.9 206 203 202.4 203.4 205.1 207.8 198.5 199.4 195.6 194.5 190.7 191 185.5 180.6 179.6 174.4 179 183.2 185.1 182.8 179.3 174.1 167.7 159.5 154 147 139.1 130.9 124.1 119.4 116.1 109.8 99.8 90.9 88.2 78.6 71.8 68 55.5 50.8 48.9 47.3 47.4 49.2 46.9 40.3 42.5 43.4 37.2 26.8 20.2 8.6 8.6 10.7 12.1 14.5 15.1 15.8 18.6 21.7 23.2 27.8 37.2 38.8 39.8 41.8 43.6 49.1 49.9 48.8 47.2 42.1 51.7 61.9 63.6 54.6 51.8
194.9 195.7 202.2 201.8 198.6 197.1 196.6 195.5 199.2 196.5 189.7 188.6 188.6 186.6 182.1 179.6 176.8 180.2 177.5 171.7 177.9 180.7 179.5 176.1 171.8 162.4 158.9 147.6 145.3 136.3 127.6 122.3 112.6 104.3 104.9 99.2 96.8 80.9 79.5 67.1 59.5 55.6 48.2 47.1 47.6 47.3 51.8 46.8 42.9 38.6 41.5 44.7 27.4 28.7 9.1 8.6 9 12 13.8 14.5 15.4 16.6 17.1 23.6 25.8 34.1 39.8 38.4 39.6 40.2 47.8 50.9 46 46.8 45 40.5 51.5 51.2 48.8 48.2 41.6
181.2 189.6 194.1 194.3 192.6 191.1 186.1 185.1 184.6 184 182.2 179.8 175.4 173 172.6 173.2 172.8 172.5 169.8 165.2 170.9 171.6 171.3 169.4 162.4 153.4 150.4 141.5 136.2 122.1 114.4 108 102.9 101.3 96.1 91 84.8 73.3 66.1 59.9 51.9 46.4 44.9 45.4 49.4 46.8 49.7 44 41.1 33.4 39.6 39.2 26.8 23.9 8.6 8.6 9.3 10 13.5 12.1 15.7 17.4 20.3 26.9 29.2 32.3 35.8 38.2 38.1 39.3 43.2 43.5 42.8 43.2 43 39 44.7 39.5 36.7 35.6 34.1
175.5 181.1 183 183.1 182.4 181.8 178.1 176.7 173.1 175.7 177.4 176 174.2 169.6 167.9 170.8 170.3 162.7 160.8 160.1 166.2 167.9 167.3 157.3 151.7 139.8 133.5 126.8 116.7 107.4 103.1 99.9 98.5 90.3 86.7 83.2 74.6 67.5 58.6 52.2 46.9 43.5 42.5 48.4 45.1 45.4 45.1 42.6 40.4 35.5 35.6 27.9 26.8 19.9 7.8 8.6 9.2 9.8 10.4 11.1 17.1 17.4 17.8 27.1 30.7 34.1 35.3 35.9 36.4 37.7 39.2 40.8 41.2 40.6 40.1 38.3 37.7 34.3 31.6 31.9 32.1
