data/NN17.asc
ncols 200
nrows 200
xllcorner 210000
yllcorner 770000
cellsize 50
[rows 0 to 35 of 200, columns 81 to 161 of 200]
13 18.2 18.2 26.6 27.5 29 31.3 33.7 33 29.5 29.1 28.3 37.7 48.1 55.9 62.5 68.8 74.2 78.1 82.7 90.2 97 99.7 102.7 106.6 112.1 117.9 124.2 132.1 139.8 145.2 146.7 148.5 152.9 168.5 176.9 166 158.8 147.3 135.8 134.1 134.4 132.2 131.7 132.6 130.7 129 130.3 129.9 132.5 121.9 117.5 112.9 103.3 96.3 87.1 71.7 67 57.3 53.2 49.6 46.9 45.1 43.4 43.4 42.6 42.4 41.8 54.7 54.3 53.3 53.3 54.4 59.2 62.6 61.1 60.9 60 59.2 58.3 57.3
13 17.7 24.4 27.5 28.6 30.2 31.8 32.9 29.6 29 29 40.6 50.1 57.6 63.7 68.7 74.2 79.6 83.4 88.6 96.5 104.1 105.9 108.9 113 116.9 122.6 128.4 137.3 145.7 145.5 145.9 146.9 153.5 163.5 162.5 150.9 145.1 138.8 133 132.2 132.7 129.7 125.2 127 126.9 122.1 122.1 121.1 118.1 111.8 107.6 103.4 95.7 88 77.5 65.1 56.2 51.2 48.2 44.3 41.1 39.7 40.6 41.6 40.7 40.1 46.2 53.5 53 53.2 53.8 55.3 58.4 62.7 61.2 60.5 59.7 59.1 58.7 59.3
13.2 19.9 25.6 27.8 30.1 31.7 33.6 31.6 29.1 29.2 37.1 49.7 59.5 66.5 71.3 75.1 78.6 82.7 87.5 96.1 104.1 108.2 110.4 112.3 118 123.4 128.2 132.5 141.9 149.1 145.6 141.6 143 150.5 147.6 141.3 134.7 131.9 128.9 126.1 130.5 127.1 122.2 116.9 112.4 111.5 113.3 110.4 109 106.7 103.6 101.4 95.1 87.2 77.1 69.6 59.5 52.4 47.4 45.1 39.8 38.8 45.5 38.8 39.7 41.1 42.1 45.1 51.1 49.8 50.8 53.3 56 60.1 65.2 62.3 61.5 61 61 61.3 62.1
19 19.8 29.1 28.8 32.3 33.5 32.6 30.2 28.9 36 45.6 55.8 64.7 70.9 74.8 79 83.2 85.9 91.8 99.4 107 109.2 111.3 114.9 122 127.4 135.1 136.6 136.5 138.8 138.3 135.2 135.8 137.7 138 135 129.1 127.4 123.9 118.7 117.4 113.5 108.3 103.8 100.9 100.9 99.9 101.4 99.8 97.3 95.5 91.2 83.8 79.3 71.6 61.7 53.8 47.4 44.4 41.9 38.8 36 45 45.1 45.5 43.4 44.1 46.4 48.5 49.5 52.8 57 60 64.4 67 63.9 63.3 63.4 63.4 63.8 65.4
20.5 21.2 29.3 32.3 33.5 32.4 30.7 29.9 33 47.2 54.8 62.5 69.6 74.1 78.4 82.6 87 89.8 94.6 100.1 106 109.2 110.8 114.6 122.8 127.5 133.7 134.5 133.4 132.7 133.2 133.2 133.5 134.5 133.3 131.1 129.2 128.2 125.2 119.1 110.7 104.5 102.3 95.9 95.8 93.7 95.8 96 94.8 90.8 88 82.7 76.1 70 61.3 50.4 45.9 43.9 41.8 39.4 38.2 36.6 43.4 45.4 45.5 45.7 46.5 47.8 49.8 51.3 54.1 58.6 62.8 67.1 69.3 67.3 65.4 65.9 66.8 67 69
24.1 26.3 34.1 37.5 34.2 32.9 31.7 30.9 47.1 58.8 62.5 68.8 74.3 78.7 82.3 85.1 90.2 94.9 99.5 102.2 105.2 108.7 111.1 117 122.7 128.5 133.4 133 131.2 129.3 130.6 131.7 132.6 133.2 130.8 130.7 132.3 131.1 122.7 112.9 101.9 99.8 90.5 88.1 88.1 90.6 93.4 90 88.6 86 82.8 74.9 66.7 57.3 50.3 46.6 41.9 40.5 38.4 37.6 37.1 38.8 40.5 43.8 44.7 45.3 46.9 49.7 52.2 54.4 57.9 60.8 62.4 66.5 71.1 71.1 68.3 69.8 71.1 71.6 72.9
28.7 31.2 37.6 41.8 34.8 35.5 37.8 47.3 58.3 65.2 69 75.2 79.6 83.1 86.5 87.8 91.2 97.3 105.5 104.5 106.2 108.8 111.5 117 123.4 130 135.9 133.2 131.3 127.5 126.7 130 133.2 130.5 127.7 130.9 131.8 129.8 115.5 104.7 93.2 88.9 84.4 79.9 84.6 86.5 86.8 89.6 90.2 87.3 79.4 67.3 57 48.7 41.9 39.8 37.1 36.1 36.9 36.1 36.4 38 39.7 41.3 43 44.7 48.9 51.9 55.3 59.6 62.1 62.4 63.5 65.6 69.8 73.3 72.6 74.4 76.1 78.8 79.6
39.2 41.6 39.6 38.6 39 41.5 48.2 57.5 65.7 70.9 75.6 80.1 84.6 87.7 89.7 91.1 92.2 98.3 105.2 104.8 106.1 109.7 114.1 118.4 125.3 132.3 135.5 132.3 130.3 125.4 124.2 129.1 134.8 123.8 126.4 128.2 125.6 117.9 102.5 90.3 86 83.2 80.8 75.6 78 79.3 82.2 86.1 87.1 77.5 59.8 51.2 44.2 39.7 37.2 34.6 32.6 34.3 35 35.8 37.8 39.1 41 43.2 44.1 47.2 52.6 58.7 62.1 65.1 66.1 64.3 64.3 66.7 71.1 76.5 79.6 81.4 82.3 84.3 84.5
37.9 43.6 42.4 40.1 41.5 49.2 56.7 65.1 72.1 75.8 80.3 84.8 88.2 90.4 92.8 95.3 97.2 99.8 103.1 105.9 109.2 114 119.5 122.1 127.3 134.2 133.8 130.5 127.5 122.3 122.2 127.9 120.4 119.1 122.4 121.7 113.6 104.5 88.2 85.1 83.5 79.1 74 72.8 67.7 70.3 75.6 74.5 62.8 54.9 47.1 42.5 37.8 34.4 32.3 33.3 34.2 34 35.1 35.3 39.7 44.6 44.2 48.3 49 53.1 57.9 60.1 64.7 65.7 63.8 65.7 67.5 71.8 79.3 79.9 81.6 88.3 90.7 89.8 91.5
39.2 43.1 40.6 41.8 48.9 56.7 64.4 73 78.1 81.2 84.3 87.7 91.2 93.8 95.6 98.8 101.6 104 107.6 110.8 114.4 119.6 127.8 127.2 130.5 135.6 132 126.3 123 119.1 119.6 119.2 114.6 119 120.1 112.7 101 88.6 82.1 74.7 71.5 69.7 67 64.2 57.6 58.7 61.7 59.4 55.5 43.1 39.6 37.1 34.2 31.7 32.8 35.4 36.4 38.6 38.4 38.7 37.9 42.5 46.8 50.7 52.6 59.6 60.8 60.8 61.7 61.6 63.8 68 72.4 81.5 88.3 90.4 98.2 101.8 94.6 94.9 96.9
39.1 41.2 41.7 49.7 57.3 65 71.4 78.1 83 86 88 91.7 94.8 97.1 98 100.8 103.7 106.2 110 112.5 116.4 120.9 131 130.1 128.3 128.5 128.3 121 117.7 116.4 114.5 108.6 110.9 115.6 113.2 97.4 87.4 79.7 75 68.2 65.3 64.1 59.9 55.6 51.1 45.8 45.8 42.5 36.4 37.5 37.2 35.3 32.7 31.5 33.8 35.7 38 41.2 42.1 43.2 42.1 40.6 45.9 45.6 50.7 56.6 56.7 57.4 59.4 63.6 69.2 75.8 75.9 85.3 89.6 92.1 95.5 112.4 103.5 99.3 101.7
38.6 39.7 48.4 57.4 65.5 71.4 77.2 83.5 87.8 90.1 91.5 95.3 97.6 99.9 101.3 103.9 104.6 108.4 111.3 113.3 116.5 120.7 126.9 121.7 115.5 114.3 114.3 111.9 115 114.9 108.8 102.5 104.6 107.5 99.4 85 79.2 74.9 67.5 61.9 59.5 56.6 52 47.8 43.5 35.2 33.6 33.7 34.1 34.9 33.4 32.1 31.9 33.4 37.1 38.4 39.6 41.2 42.9 46.1 46.3 46.6 46.6 50.2 53.3 55.8 57.5 60.2 64 71.5 77.2 79.7 83.9 86.9 91 94 97.5 105.3 111.9 104.5 105.5
38.2 45.2 56.3 64.9 72.4 77.8 83.2 88.3 92.1 94 95.7 98.3 100.6 101.7 103.8 103.7 108.4 111.3 112.2 112.8 113.1 112.5 114.5 112.7 109.5 108.4 109 107.3 108 107.8 102.6 95.8 92.6 91.5 81.6 79.4 80 68.4 59.3 52.7 53.4 49.5 44.2 41.1 39.5 34 33.5 32 31.2 30.1 30.8 31.5 33.3 36.3 38.6 40 40.9 41.4 43.5 46.7 48 54 51.2 55.4 56.5 59.9 61.1 66 74.8 79.7 81.5 85.5 89.3 92.5 94.6 96.9 100.7 105.1 112.1 109.1 109.2
41.6 52.3 62.7 71.1 77.6 82.9 87.8 92.3 95 96.6 98.6 101.4 103.5 104.6 108 114.3 112.4 111.6 111.9 112.4 110.2 107.2 106.4 106.1 110.9 114.7 110.6 108.3 102.1 97.3 94.5 87.6 81.1 75.5 76.3 82.6 68.4 58.4 51.8 44.2 42.3 41.6 38.4 37.4 36.4 33.1 31.7 30.6 30.5 29.6 32 34.2 35.7 37.2 39.3 41.6 42.2 42.6 44.7 49.1 53.1 54.8 56.6 60 63.2 64.5 69.4 81.2 83.1 85.1 88.2 91.3 94.2 97.5 101.1 103.7 106.8 110.5 111.9 113.6 113.7
49.9 59.7 68.3 75.4 81 85.9 90.3 94.6 96.6 98.8 101.6 104.8 106.4 108.4 110.3 111.3 112.2 112 111.8 111.4 106.6 103.5 102.8 109.7 113.7 112.6 110.2 108 100.7 92.3 84.7 81.4 71 73.4 73.4 65.6 57.1 49.7 44.5 37.9 35.1 34.8 33.2 31.3 31.9 31.1 29.4 29.7 29.7 30.9 33.9 36 37.6 38.8 39.8 40.6 43.3 44.6 46.5 50.5 56.4 59.7 62 64.7 67.2 72.5 75.5 81.1 86.6 90.8 94.3 96.6 100.1 103.9 107.4 110.5 112.9 114.7 115.7 117.7 118
55.4 64.7 72.1 79.3 84 88.4 92.5 95.4 98.7 100 103.6 106.8 108.8 110.9 111.5 112.8 112.5 111.9 110.2 105.8 102.2 101.5 101.5 108.2 111.2 106 106 98 94.8 88.3 80.7 70.9 69.3 65.7 63.2 57.8 52.3 47 41.3 34.4 32.9 30.9 30.2 30.3 30.7 29.5 29 29.2 29 32.9 35.7 37.6 39.5 40.9 42 42.8 44.6 47 48.4 54 54.9 61.2 65.2 68.4 75.1 79 80.9 86.2 92.2 96 99.5 102.7 106.7 110.3 113.2 115.8 117.9 118.9 119.1 120.2 121.6
60.1 69.9 76.5 81.6 85.8 90.2 93.4 96.8 100.4 103.5 106.8 109.8 112 114.5 116.5 113.1 114.7 112 107 99.4 100.6 102.3 102.2 104 101.2 99.9 97.4 95.6 87.6 82.3 74.4 69.4 68.3 67.5 59.9 53 52.7 46.5 37.4 32.8 32.3 29.8 29.4 29.5 29.5 28.6 28 28.2 31 34.9 37.4 39.3 41.1 42.8 44.3 45.7 47.1 49.1 51.2 56.9 59.3 63 69.3 77.4 84.3 84.5 88.2 92 97.7 101.5 105.5 110.4 113.1 115.8 118.5 120.6 121.9 122.7 123 123.9 125.2
66 73.6 80 84.5 87.6 91 95.6 100 106.8 109.8 112.5 114.4 115.4 116 114.1 107.6 108.4 102.4 98.4 98.4 102.9 104 104.5 102.2 100.3 99.7 96.7 92.3 84.9 77.5 73.9 68.9 67.1 64.6 60.5 56.3 53.9 48.2 34.3 31.5 30.4 29 28.5 28.5 28.2 27.4 27.9 31.3 34.2 37.2 39.4 41.2 43.1 45 46.6 48.2 50.7 52 55.8 59 63.7 70.8 79.6 87.2 90.1 90 95 98.1 101.1 105.9 110 114.4 117.8 120.3 122.3 123.8 125.3 125.9 126.6 127.3 128.4
70 77.4 82.6 87.1 91.9 97.4 104.3 110.4 114.4 116.7 116.6 118 117.9 110.7 107.5 100.6 98.5 98.1 97.4 100.5 102.2 103.1 104.6 98.9 97.1 99.8 97 91.4 83.6 74.9 69.3 67.7 66.6 65.7 61 55.4 48.9 40.9 31.9 30.1 29.3 28.5 27.9 27.5 26.8 27.8 30.6 33.6 36.6 39.1 41.2 43.6 45.5 47.4 49.2 51 54.5 57.2 61.1 64.4 72 77.9 88.6 93.6 95.1 95.5 100.6 103.6 106.1 109.3 114.1 117.9 121.7 124 125.1 126.7 128 128.7 129.5 130.4 131.5
74.7 81 85.9 90.6 97.8 106 114 119.4 117.3 116 116.5 113.1 108.6 103.9 100.6 96.9 96.9 98.2 103.3 102.1 103.6 105.5 100.4 96.1 97.1 97.1 94 84.1 77 71 68.1 67.4 70.9 69.2 61.4 53.4 46.3 36 31.4 28.7 28.3 27.8 27.4 27.1 28.9 30.6 33.4 36.2 38.9 40.9 42.9 45.6 47.9 49.8 51.6 54.5 57.5 62.8 70.3 75.5 80.4 88.6 93.4 98.9 98.4 101.6 105.8 108.3 110.7 113 116.4 120.1 123.8 126.4 128.1 129.4 130.7 131.5 132.3 133.5 134.5
78.7 84.2 89.4 95.6 105.3 113.6 118.4 119.5 116.1 113.8 110.8 105.9 102.4 100.2 99 95.9 95.9 98.7 103.1 104.6 106 100.8 97.7 94.1 89.9 88.2 86.8 77.4 75.1 70.6 66.2 68.8 69.5 69.2 55.3 45.8 42.6 38.1 29.9 27.3 27.1 27.1 26.7 29.7 31.4 33.2 35.8 38.4 41.3 43.2 44.8 47 50 52.4 54.9 58.9 66.3 73.4 80.5 81.7 88.4 93.3 98 100.6 103.4 106.7 110.2 112.8 115.4 117.2 119.9 123.7 126.4 128.7 130.3 131.6 133.6 134.5 135.1 136.5 137.4
81.4 86.2 91.6 100 109.9 117.7 117.2 115.1 111.9 106.6 102.8 100.6 98.7 96.6 97.4 95.9 95.8 100.2 102.9 105 103.2 97.4 93.2 92.7 86.5 79.8 75.2 75.7 74.4 68.6 63.9 64.3 64.6 55.5 46.3 39.5 38.3 33.7 26.6 26.4 26.4 26.3 28.4 31 34 36.1 38.3 40.5 43.7 46.1 47.6 49.1 51.3 55.4 60.9 67.2 74.9 80 84.8 88.5 94.4 100.8 103.2 104.6 107.5 111.8 114.4 116.7 119.1 121.6 124.1 126.3 128.7 131 132.5 134.4 136.4 137.8 138.5 139.6 139.9
82.6 87.4 93.7 103.6 113.9 115.2 113.2 109.7 105.1 100.1 95.6 95 94.9 95.5 96.1 93.5 97.5 103.5 105.5 104.4 96.1 89.4 88.6 87.9 79.4 67.6 64.7 69.3 66.6 60.9 62.1 60.4 52.5 42.3 36.3 32.1 26.4 25.8 26.7 28.2 28.4 28.8 30.1 32.7 36.5 38.9 41.4 43.8 46.2 48.8 50.6 53.7 56.9 60.7 66.8 74.3 81.3 88.8 90.2 95.1 102.9 106.4 107.9 108.9 110.7 114.6 118.2 120.7 123 125.8 127.5 129.2 131.5 133 134.7 137.3 139.2 141.2 142.3 143.5 142.2
83.5 87 97 107.1 112.1 112.5 110.6 104.9 97.9 91 88 88.7 92 93.3 94.1 89.7 92.5 96.9 95.2 86.1 83.6 80.7 77.2 74.2 63.7 55.4 55.2 53.5 51.6 51.3 51.4 47 41.4 30.3 29.4 24.5 26.4 27 28.9 30.3 31.2 32 32.9 34.6 39.5 41.9 44.8 47.1 49.3 53.4 57.9 61.2 64.2 68.3 72.3 81.3 89.5 93.1 97.8 106 109.3 110.7 111.2 112.3 114 117.6 120.9 123.7 126.1 128.1 130 132 133.5 135 137 139.2 142.9 146.5 148.4 147.5 145.1
83.4 90.8 100.6 109 110.7 105.4 101.1 99.9 92.7 84.2 82.4 84.3 85.3 89.5 85.2 82.7 79.8 83.7 79.6 72.4 73.4 73.5 67.7 58.2 49.4 48.1 46.4 42.9 41.8 41.7 39.2 33.2 29.4 27.7 24.4 25.1 26.6 28.7 31 32.5 33.9 35 36.3 38.7 41.8 45.6 49.2 55.3 54 59.2 62.1 67.2 72.3 76.8 84.8 87.3 92.2 98.6 106.6 111.5 113.6 114 114.5 117.7 117.7 120.5 123.4 126.3 128.2 129.6 131.5 133.5 135.5 137 139.1 140.8 143.8 146.8 148.5 148.7 147.1
82.1 92.3 101.2 105.2 104.7 91.3 93.7 93.3 84.2 74.4 75.8 78.9 80.8 81.3 83.5 78.2 73.6 68.2 67.8 61.5 60.4 60.7 50.6 44.4 45.2 44.6 40.6 36.7 34.3 31.9 29.8 29.1 27.9 26.9 27.1 26.9 28.7 31.7 33.8 35.2 36.9 38.8 40.3 42.3 45.2 48.1 52.9 55.1 57.9 62.2 69.5 78.3 80.4 84.8 89.8 91.3 98.7 106.7 113.1 115.7 117.2 117.5 118.1 121.2 120.2 122.7 125.7 128.6 130.1 131.5 133 134.9 137 139 140.6 142.1 143.4 145.1 147.2 147.4 147.5
83.9 87.1 88.9 91.1 86 81.5 86.1 77.4 70 68.9 69.2 71.1 74.9 79.3 74.9 67 62.9 59.4 54.3 50.9 45.7 42 38.9 38.5 40.3 36.5 33 30.9 28.1 29 28.1 27.5 26.3 27.8 29.7 30.3 32.2 34.5 36.7 38.3 40.1 42.1 44.4 46.4 49.7 51.9 55.9 59.6 66 69.7 78.2 79.7 85 90.4 93.8 100.2 107 113 117.3 119.5 121 121.3 120.8 121.8 123 124.4 126.9 129.7 131.7 133.3 134.7 136.4 138.4 139.8 141.1 142.4 143.7 145.1 145.9 145.9 146.3
86.6 82.4 82 81.8 74.9 71.7 72.3 65.4 63.1 65.9 62.4 63 67.8 65.4 55.4 49.7 45.5 42.8 40.4 37 34.6 32.3 31 30.9 30.5 29.5 27.8 26.5 25.7 27.3 26.5 26 28.4 30.6 32.6 34.1 35.9 37.8 39.3 41.6 43.4 45.6 47.8 50.6 51.3 56.8 59.6 64.2 69.5 74.6 82.1 85.4 90 95.7 101 106.7 114.3 118.7 121 122.8 125.4 124.8 126.2 126.9 126.4 127.7 128.9 130.8 133.1 134.7 136.3 137.8 139.3 140.3 141.4 142.8 144.2 145.1 145.6 146 146
75.8 71.3 70.3 68.5 62.8 62.8 60.2 57.9 56.9 55.4 54.6 54.3 52.9 47.1 43 34.8 29.2 28.1 29.1 28.1 28 26.2 25.1 25 24.8 24.8 25.6 26.1 25.9 25.9 26.5 27.5 29.6 32.3 34.4 36.2 38.1 39.6 41.1 43.8 46.1 49 51.3 56.3 56.3 59 62 69.4 74.5 80.2 83.8 88.4 96 102 108.3 112.5 118.2 122.1 124.7 126.8 128.9 129.8 129.8 130.2 130.9 133.5 134 134 132.4 135.6 138.1 137.6 139.3 140.3 142.2 143.3 144.6 145.3 146.3 146.4 146.4
65.5 65 62.7 58.4 55.2 54.3 53.6 50.8 48.6 47.4 46.4 45.5 41.3 34.7 30.7 28.6 27.1 27.5 26.1 24.7 24.2 24 24 23.9 23.9 24.6 25.2 26 26.3 26.7 27.4 28.2 30 32.3 33.9 37.5 39.6 41.5 43 45.6 48.2 51.4 56.4 58.7 59 62.5 64.6 71.7 76.8 84.4 89.2 100.2 104.9 110.3 116.4 116.6 121.7 125.7 128.5 132.3 134.9 136.5 136.7 135.9 135.8 135 135.3 134.1 134.5 133.8 135.4 136.3 138.9 140.3 142.7 144.1 145.1 146.1 146.6 146.7 146.8
64.6 62.2 58.1 52.1 47 47.6 49.6 47.8 43.3 41.7 40.1 36 31 29.2 30.3 29.1 27.4 27 26 24.8 23.9 23.6 23.6 23.5 24 24.6 25.3 26.5 27.1 27.4 28.1 28.6 29.7 31.7 33.2 36.4 40 43 44.8 47.1 50.4 54.1 63.7 59.4 65 71.4 73.3 76.1 82.6 94.4 106.5 112 110.5 118.8 122.6 120.8 124.8 131 135.2 138.6 140.9 142.4 142 141.1 139.3 137.5 136 135.4 136.8 137.8 137.6 140.2 142 141.2 141.9 143.7 145.6 146.8 146.9 147 147.2
63.1 58 52.6 45.8 45.9 49.9 45.1 42.8 38.1 40.7 36.3 29.2 29.1 30.9 30.1 29 27.9 26.8 25.9 24.9 23.8 23.2 23.2 23.4 24 24.7 25.7 26.8 27.6 28.3 28.5 28.9 28.7 31.3 34.4 37.6 39.6 42.8 46.2 48.3 53.5 57.8 61.9 64.8 68.6 74.4 82.2 83.4 94 107.6 115.4 115.8 120 127.3 127.4 125.3 129.6 136.4 139.8 142.3 144.2 145.8 145.9 144.5 141.9 140 140.1 139.7 141.2 141 141.9 141.7 143.9 142.9 143.3 145.3 147.1 147.8 147.9 148 148.1
54 50 44.3 44.8 45.1 43.9 39.2 36.1 33.1 30.7 30.3 29.8 30.3 29.7 29.1 28.2 27.4 26.4 25.4 24.6 23.9 22.8 22.8 23.5 24.1 24.8 26 27.1 28.1 28.8 29.1 29.5 31.5 33.1 36.7 40.3 42.2 44 48 54.3 59.4 69.9 67.1 71.3 75.7 81.6 89 92.8 103.2 116.2 118.8 124 125.1 128.3 129.3 131.4 136.3 140.4 143.3 145.1 147.1 148.7 149.3 148.2 144.8 142.7 142.6 143.1 143.1 144.5 148.6 146 146.2 146.6 147.3 148.2 149.2 150.1 150.1 150 149.9
40.8 37 37.2 42.9 37.1 38.8 33.3 32 30.6 28.5 28.3 28.1 28.5 28.5 27.8 27 26.5 26 24.9 24.2 23.4 22.6 22.2 22.3 22.3 23.7 25.7 27 28.2 29.4 29.9 31 34.4 36.2 38.5 40.5 43.4 50.3 56.1 60.8 69.6 71.4 76.6 79.3 82.6 88.6 97.7 103.3 112.4 119.8 126.5 128.2 128.1 130.7 132.7 135.8 139.8 143.2 145.2 147.7 149.6 151 151.7 150.2 147.3 145.6 145.5 145.7 146.6 147.5 149.8 148.5 149.1 149.9 150.6 151.2 151.7 152.2 152.4 152.1 151.4
31.8 31.7 33.5 35.6 31.4 31.7 29.8 28.5 28 27 26.5 26.3 26.7 27.1 26.6 26.1 25.7 25.2 24.5 23.7 23.1 22.6 21.2 20.2 20.4 22.6 25.7 27.2 28.4 29 31.5 33.4 35.5 37.8 40.5 47.6 54.1 58 61.7 66.5 74 77.5 80.5 82.3 88.6 99.4 106 111.9 116.8 124.4 128.9 130.4 131.3 133.3 136.4 138.5 142.6 145 147.1 149.3 151.2 153 153.5 151.4 149.2 147.4 147.3 147.2 148 149.4 150.9 151.3 152.1 152.7 153.3 153.1 153.3 153.8 154 153.3 152.5
29.2 29.2 30.4 29.2 28.4 28.1 27.9 27.1 26 25.5 25.2 25.1 25.4 25.8 25.6 25.4 25.4 24.5 24 23.7 24.2 23 21.9 21.1 20.6 22.6 26.1 27.5 28.8 29.8 32.3 35.7 40.3 48.8 52.3 55.5 59.9 64.3 68.3 72.3 77.2 81.1 83.8 88.2 96.4 104.7 112.9 118.5 120.4 126.3 130.9 132.5 133.7 136.1 138.2 140.8 144.5 146.5 148.5 150.6 152.4 153.1 153.3 151.5 149.4 148.9 148.4 148.1 149.1 150.5 151.9 152.7 153.6 154.5 155.2 155.1 154.9 155.1 155.1 154.5 153.5
