data/NN17.asc
ncols 200
nrows 200
xllcorner 210000
yllcorner 770000
cellsize 50
[rows 144 to 179 of 200, columns 81 to 161 of 200]
607.1 588.4 575.8 566.5 560 559.3 559.3 559.3 559.3 562 566.8 573.6 582 592 597.2 606.4 615.7 627.2 641.4 653.3 666.3 680.7 695.9 708.4 724.4 738.5 749.6 726.2 703.7 687.1 683.4 681.1 677.4 670.3 664.9 651 634.6 622.3 609 598.5 583.6 575.8 571.9 563.1 556.9 555.4 563.5 574.4 587.7 606 630 652.8 674.8 699.6 729.5 761.9 793.7 825.1 858.9 892.3 926.1 957.7 992.4 1024.6 1058.8 1092.2 1117.5 1134.5 1147.7 1128.3 1104 1084.7 1066.1 1041.7 1029.3 1049.3 1034.4 989.6 947.3 902.9 865.5
602.6 586.2 572.9 566 559.3 559.3 559.3 559.3 559.3 564.2 568.1 576 584.9 593.5 602 610.1 620.2 631.2 648.4 660.2 674.4 691 708.9 723.6 740.3 758.3 776.5 774.7 782.9 741.4 730.2 718.7 708.7 692.6 691.6 680.8 670.8 656.4 638.9 623.1 608 598.2 588.7 582.6 581.1 571.8 569.9 573.6 590.3 604.2 632.1 648.1 668.5 694.6 719.9 752.5 782.6 813 845.2 880.8 913.7 943.1 977.7 1013.1 1044.5 1076.4 1106.6 1129.8 1148.1 1162.3 1145.4 1127.4 1109.6 1083 1093.7 1077.6 1030.1 986 942 896 865.8
600.5 586.5 575.9 566 559.3 559.3 559.3 559.3 562.2 566 571 580.7 589.5 597.1 607.2 616.2 627.7 643.9 655.9 671.6 686.4 703.3 718.2 737.4 757.6 778 794.2 811.7 802.9 775.8 764.4 759.7 767 762.8 744.7 743.6 730.8 702.3 671.9 651.7 638.7 624.2 613.6 606.2 602.9 590.7 581.7 591.8 598.3 612.4 629.5 646.4 661 682.5 712.3 742.2 765.5 799.7 830.1 862.2 897.5 930.5 961.7 995.7 1029.1 1061 1095.2 1124 1143.6 1159.5 1172.7 1172.9 1144.2 1117.9 1086.4 1057.1 1023.6 988.9 938.1 895 864.2
603.6 590.7 577.1 565.7 559.3 559.3 559.3 559.3 563.7 568.2 575.6 585.5 590.8 602.9 612.2 623.9 633.5 645.9 663 681.9 698.4 715.8 732.7 752.2 773.8 795.7 818 838.2 838.8 838.1 856.7 848.2 846.7 847.7 824.2 806.9 781.3 755 738.6 695.2 671.2 654 636.8 628.1 620.6 609.3 602.8 601.2 606.5 615.1 626.4 642.4 652.7 677 702.6 723.5 752.5 787.7 819.9 850.7 883.6 914.2 944.7 981.9 1018.7 1052.7 1082.9 1111.3 1133.4 1150.3 1164.3 1142.4 1115.7 1089.2 1060.6 1035.7 1006.9 974.7 935.2 900.8 867.6
606.3 592.4 580.9 569.3 560.1 559.3 559.3 559.3 565.8 573.8 581.3 588.6 594.3 601.8 611.9 624.4 635.7 651.7 669.7 686.7 706.5 727.7 748.6 770.5 793.5 814.4 834 860.1 879.9 897.5 914.9 929 919.4 917.1 902.2 876.2 868.4 836.3 798.4 765.9 744.6 719.9 684.9 648.2 636.1 629.8 618.4 605.7 612.8 617.6 626.3 636.6 649 668.3 687.9 715.1 745.9 771.4 806.9 834.3 867.4 904.4 937.7 971.4 1005.8 1037.8 1068.8 1097.2 1121.3 1140.3 1155.3 1118.5 1090.2 1061.8 1035.7 1025 1008.2 972 939.1 905.1 874.4
616.2 599.1 586.7 571 559.8 559.3 559.3 561.2 571 578.2 587 593.2 598.8 606.7 616.3 628.3 643.7 660.5 680.1 699.5 720.9 741.2 767.3 789.5 812 836.6 855.1 880.2 905.7 928.9 949.7 971.2 997.5 987.9 1004.4 1023.2 977.1 976.8 902.8 848.5 806.3 763.2 723.2 687 660.9 649.5 632.1 620.8 616 619.7 627.3 636.7 646.2 660 676.9 697.6 729.2 761.4 793.9 825.4 857.9 892.2 925.9 957.5 990.8 1022.6 1054.6 1085.3 1113.1 1134.7 1153.2 1118.8 1079.7 1051.6 1031.1 1017.3 996.4 972.9 941.7 911.1 888.2
627.6 609.2 589.7 572.7 562.8 559.3 559.3 566.7 574.8 581.8 589.1 598.3 607.9 615.8 623.8 638.4 655.5 674 692.7 711.1 736 758.8 781.9 805 832 851.3 876.3 904.1 927.9 954.4 980 1002.7 1027 1046.6 1063.6 1039.9 981.5 946.1 912.1 873.2 820.4 779.6 751.6 717.5 684.2 668.1 650.8 634.7 623.8 627.2 629.5 634.4 650.8 665.1 678.2 695.6 723 754.8 783.9 815.3 848.8 879.7 912.4 943.6 975.4 1009.3 1044.9 1078.2 1106.1 1129.5 1154.4 1133.4 1095.4 1071.3 1050.2 1031.6 1008.7 977.6 952.9 928.4 906.1
630.3 615 591.1 573.9 563.3 560.7 563.4 569.8 577.4 584.2 592.5 601.5 613 623.6 635.1 649 666 682.7 702.8 727.6 750.4 771.4 797.1 822.1 847.1 870 899.9 927.4 952.5 977.2 1003.8 1029.6 1054.8 1074.6 1089.5 1068.4 990.6 934 895.1 840.4 819.5 801.1 778.7 765.9 731.1 697.9 680 656.1 640.5 637.3 636.5 638.3 656.6 665.4 674 690.8 712.2 746.5 778.5 807.6 837.1 865.3 901.5 934.3 967.3 1002.7 1036.8 1069.9 1098.9 1125.2 1148.4 1158.2 1126.2 1106.6 1076 1049.9 1025.1 989.8 964.8 940.1 921.1
627.7 611.5 590.9 573.8 563.7 561.9 564.7 571.5 575.9 585.4 593.8 602.2 616.4 630.8 646.9 661.5 676.9 692.8 715.3 738.2 762 789.7 813.6 840.8 868.5 895 920.4 950.2 975.3 1002.8 1037.8 1064.2 1085.6 1099.3 1111.7 1048.6 967.9 961.3 916.8 871.2 846.3 825.7 809.9 794.2 773.2 749 703.4 676.5 667.8 657.4 652.2 647.7 653.9 664.2 674.1 685.3 714.5 744.8 775.4 802.7 827.5 859.5 892.6 927.6 959.2 993.8 1027.2 1060.1 1091 1119.1 1144.8 1166.1 1157.1 1127.2 1093.2 1057.7 1032.8 1006.5 985.9 964.9 956.4
626.1 609.9 591.4 572.4 563.3 564.8 570 574.5 578.4 584.2 592.8 602.7 620.8 636.4 653.1 669.2 686.7 706.1 725.2 750.8 774.9 798.8 827.6 856.7 886.8 915.1 941.2 969.7 999.9 1037.3 1065.1 1082.1 1100.5 1109.1 1075.9 1078.4 1052 1072.2 1014.8 944.8 939.5 953.8 916.8 871 801.6 775.3 757.2 710.1 693.3 679.9 670.9 665 651.9 664.4 674.8 689.1 716.4 740.6 766.3 795.3 821.4 847.5 881.4 916.2 949 982.4 1016.1 1050.6 1082.5 1112.4 1140.9 1166.7 1184.3 1152.6 1112.6 1082.5 1048.1 1022.2 1003.2 991.4 976
625.4 603.8 588.9 572.9 563.1 568.9 572.1 576.9 577.2 583.9 592.4 608 621.7 639.2 653.8 675.2 693.6 713.1 736.3 759.7 784.6 813 841.7 873.3 904.8 934.4 962 990.6 1027.9 1063.6 1083.5 1101.4 1119.7 1136.9 1136.9 1118.4 1122.3 1112 1055.6 1029.4 1000.9 1008.6 962.2 927.9 887.8 793.4 771.4 762.7 747.6 729.7 707.9 687.5 662.8 667.6 680.5 696.5 716.1 740.9 764.7 792.1 816.6 840.3 871.5 905.7 940.5 974 1007 1039.5 1071.9 1102.7 1135.4 1165.5 1190.6 1193.2 1136.6 1105.7 1064.9 1040.4 1021.9 1007.6 996.6
623 600.1 584.6 571.1 565.8 569.2 570 570.8 575.9 581.1 596.5 609.3 625.4 642 661.6 684.2 703.7 726.1 750 770.9 793.2 821.4 854 885.4 917.7 950.9 980.1 1010.7 1039.8 1068.3 1094.1 1120.4 1144.3 1168.6 1177.5 1175.2 1182.6 1154.2 1100.1 1057.8 1043.2 1061.6 1045.2 1025.5 971.6 843.8 789.8 775.6 763 741.4 710.8 690.7 679.1 679 684.6 700.9 725.6 738.4 762.2 784.4 811.7 837.9 863.4 892.8 929.2 963.8 995.7 1027.7 1060.3 1095.4 1129.3 1161 1188.4 1212.9 1165.1 1123.7 1085.8 1059.9 1045.5 1032.5 1020.2
607.7 593.6 579.2 565.5 567.9 566.5 564.7 567.6 568.6 579 594.8 609 627.5 644.7 665.2 687.2 710.8 735 762 786.2 812.1 836.3 853.2 891.5 925.7 960.7 996.5 1028 1057.7 1086.7 1117.4 1151.5 1174.1 1184.4 1193.1 1201.8 1207.5 1177.4 1124.9 1119.3 1105.8 1052.4 994.7 989.2 943.9 860.5 812.5 791.4 768.7 738.5 715.1 701.5 689.3 694.5 695.1 703.5 722.3 738.3 759.7 780.8 803 831.3 856.9 886.1 917.6 949.7 983.1 1018.5 1055 1089 1121.1 1153.7 1183.9 1212 1201 1149 1119.3 1098 1078.2 1059.7 1042.4
592.3 582.3 570.8 558.6 560.4 555.4 547.1 549.7 555.1 572.2 590.7 610.6 632.3 651.8 672.5 696.7 721.8 746.6 774.9 800.1 827.1 856 882.6 904.3 933.6 970.1 1007.2 1039.9 1074.3 1103.5 1137.3 1167.2 1183.5 1191.3 1200.6 1210 1213.8 1184.4 1152.4 1116.1 1110.7 1029.3 960.6 918 883.3 851.5 825.1 798.4 760 736.4 716.8 709.2 701.1 708.2 709.6 713.1 721.1 741.1 756 773.7 795.4 823.3 849.5 873.6 905.4 939.6 972.2 1005.6 1038.9 1075.4 1108.8 1141.5 1175.3 1202.9 1183.8 1169.5 1151 1131.8 1110.3 1091.6 1070.2
576.9 569 563.4 550 541.6 527.6 518 515.7 531.1 553.7 579.9 612 635 658.7 682.1 703.2 731.1 761.5 786.9 809.9 838.9 869.1 900.7 929.6 958.8 993.9 1020.3 1050.6 1084.4 1117.5 1145.5 1170.1 1185.4 1194.2 1203.8 1210 1184.7 1143 1102.5 1068.9 1031.1 1016.2 980.4 958.4 906.5 851.4 818.5 794.5 760.6 745.8 725.8 719.9 711.5 721.5 730.1 727.6 727.5 741.5 757.3 770.5 788.4 814.9 837.7 864.8 894.7 924.7 958.9 993.6 1025.1 1058.6 1096.2 1132.8 1166.9 1172.3 1146.6 1133.5 1122.9 1109.5 1097.8 1089.8 1081.6
558.5 555.6 548 531.8 511.8 498.1 487.8 497.8 512.4 545.5 576.4 611.8 639.9 665 687.2 712.3 741.6 769.2 798.1 822.5 854.1 883.7 911.8 945.4 977.4 1011.3 1047 1071.2 1098.9 1125.2 1148.9 1168.8 1183 1193.9 1203.4 1210.4 1191.1 1151.1 1118.7 1092.9 1105.4 1047.8 988 939 895.2 855.3 828.4 806.8 776.2 750.7 741.4 731.6 732.9 746.1 743.9 743.5 739 751.4 764.3 773.9 787.7 805.6 833.8 857.6 877.7 908.5 943.6 980.3 1015.6 1052.5 1084.5 1118 1153.3 1142.9 1115.3 1095.7 1080.8 1067.9 1056.8 1051.1 1042.6
536 525.5 514.8 501.3 484 469.8 476.1 508.4 535.3 558.8 567.8 600.2 635.4 668.5 694.3 722.7 749.9 778.3 807 832.5 864.8 894.9 923.1 956.8 990.6 1025.4 1054.9 1083.3 1109.4 1133.9 1154.3 1172 1183.6 1194 1202.4 1209.7 1208.8 1187.5 1152.9 1133.5 1124 1070.5 1005.8 928.2 890.1 858.6 841.3 827.6 793.4 764.6 756.3 750.9 749.6 761.2 756.2 757.9 756.4 762.1 772 780.7 790.7 806.8 829 849.3 870.4 895.6 928.8 966.9 1001.7 1034.3 1069.9 1107 1142.4 1122.4 1090.9 1066.3 1047.8 1032.2 1022.2 1015.6 1002.8
497.1 490.2 478.6 470.3 457.3 452.1 484.5 515.4 547.8 577.4 604 618.5 632.3 674.6 702.9 731.5 758.5 782.8 812.8 839.9 871.2 902.6 929.9 961.5 995.6 1032.5 1060.3 1085.7 1111.3 1133.7 1153.9 1171.7 1183.2 1191.8 1199.6 1207.1 1214.8 1220.8 1194.3 1151.6 1096.7 1003.4 973.8 922 899.3 874.8 875.6 845.8 827.5 798.6 771.6 779.6 792 784.9 792.4 775.5 778.2 776.1 782.8 790.2 796.8 808.7 822.5 836.9 859.2 885.3 914.5 950.3 986.4 1023.9 1057.9 1096.8 1132.5 1111.4 1073.5 1040.7 1021.3 1006 998.4 988 975.7
464.9 453.9 445.1 438 431 452.4 486.7 512.7 549.8 584.1 619.2 643.5 664.5 672.8 694.3 726.5 760.4 786.6 816.8 845.5 878.9 909.8 938.1 966.3 999.5 1031.6 1058 1082.5 1105.6 1130.5 1149.9 1168.2 1178.7 1187.9 1195.5 1202.7 1208.7 1218.4 1159.4 1116.5 1049.8 987.1 944.9 916.9 904.4 900.5 891 857.1 828.6 809.8 806 816.9 830.4 873.3 836.1 805.1 801.5 799.5 800.3 801.5 804.7 811 819.3 832.4 851.9 875.3 902.2 936.7 974.2 1007.6 1045.3 1084.3 1124.6 1107.1 1068.7 1032.2 1007.3 991.7 980.1 968.2 951.1
428.5 416.4 412.2 410.2 430.8 467 497.9 529.1 557.6 595.6 636.3 661.4 682.7 701.8 720.9 738.1 754.7 785 817.9 847.5 879 912.6 943 968 998.2 1025.3 1052.9 1075.1 1100.4 1123.1 1144.4 1160.4 1170.3 1181.4 1188.8 1198.2 1207.2 1203.6 1154.3 1104.1 1048.5 977.4 943.3 912.3 908.3 904.4 896.2 872 848.8 817.9 836.4 852.7 931.4 943 883.2 854.5 825.1 823.9 818.7 816.1 816.1 813.9 821.8 832.6 844.1 866.6 892 923.8 956.7 995.9 1033.8 1074.2 1114.8 1105.7 1059.9 1021 998.6 982.2 965.6 950.9 928.4
393.5 383.5 385 413.9 444.7 468.1 509.7 543.9 577.4 618.8 655.2 676 695 714.5 735.9 755 777.4 786.3 811.8 845.1 879.7 913 943.3 967.6 994.8 1022.8 1050.6 1069.4 1095.3 1119.4 1135.9 1150.2 1159.1 1171 1182.5 1192.5 1199.3 1190.1 1131.4 1124.4 1064.1 959.9 933.3 922.8 922.9 910.6 903.6 890.6 855.1 853.1 869.6 904.8 968.3 942.8 912.1 884 850.6 841.5 836.9 832.5 832.9 824.6 822.3 832.2 839.7 857.3 882.6 909.3 946.1 987 1027.7 1066 1107.9 1096 1054.9 1016.9 983.7 966.1 949.1 936.4 915.9
358.2 362.4 390.7 429.3 469.2 497.3 519.3 553.5 594.9 636.6 666.3 686.6 705.5 728.2 746.1 768.8 794.1 817 836 846.6 873.8 904.5 934.5 963.2 990.9 1018.5 1044.2 1064.1 1087.1 1112.4 1127.5 1140.2 1151.8 1164.6 1176.8 1188.6 1156.8 1126.4 1094.3 1046.9 1005.7 971.6 951.8 954.7 938.5 928.4 915.8 893.8 892.2 902.6 948.4 976.1 988.5 953 926.5 884.8 879.2 872.1 871.8 897.8 859.5 843.9 833.2 833 840.8 855.2 874.5 901.9 940.1 979 1019.4 1060.1 1106.5 1096.6 1054.7 1017.1 976.3 950.6 936.2 920.7 897.2
347.9 373.1 400.5 435.1 475.6 516.1 545.8 571.2 606.1 646.4 678 699.7 719 738.5 759 781.7 805 828.7 849.5 870.1 896.4 921.4 942.4 965.3 987.7 1014.6 1038.4 1060.8 1082.5 1103.3 1120.2 1134.6 1148 1164.6 1178.2 1191.8 1186.9 1145.3 1076 1043.5 1011.8 989.8 976 961.9 961 953.1 948.1 945.4 930.4 1008 1062.6 1052.6 1041.1 960.7 923 905.5 909.6 905.5 916.2 967.2 938 869.3 848.8 838.1 842.2 853.2 872.7 900.6 934.1 972 1015.3 1060.2 1105 1108.1 1065.6 1024.7 974.7 941.3 919.8 899.5 877.7
374.4 400.1 423.4 452.9 481.7 517.1 551 586.6 628.3 663.6 686.5 708 726.3 749.6 770.1 790.3 816.2 839.4 861 885.9 906.3 928.5 954.8 980.3 1003.5 1025 1050.4 1074.8 1091.9 1105.9 1121.2 1138.1 1151.7 1168.5 1184.6 1194.7 1199.4 1202.3 1116.5 1062 1035.5 1015.5 1016.6 987.7 985.5 978.6 1037.9 1002.8 1039.5 1058.4 1101 1084.6 1003.6 962.8 942.8 952.7 965.2 935.7 951.9 1003.7 994.6 914.7 873.1 855.8 855.1 859.3 878.5 907.3 933.6 967.4 1012.7 1058 1103.5 1117.2 1072 1024.1 972.5 940.6 911.7 886.3 855.1
400.3 424.1 448.6 482.4 506.1 531.8 562.2 596.6 629.3 658 692.9 716.2 737.9 759.6 779.5 801.9 825.3 850.6 873.5 895.2 915.5 937.7 961.1 988.5 1012.2 1039.4 1064.4 1084.8 1102.3 1114.9 1132 1145.8 1159.8 1175.8 1186.7 1194 1201.8 1203.1 1146.9 1086 1063.9 1056.6 1069.9 1028.8 1017.5 1022 1060.8 1068.1 1106.7 1130.8 1149.5 1050.3 1009.3 998.9 985.8 1003.7 1026.4 979.5 1049.6 1057.3 1008.6 947.2 903.3 885.4 881.2 877.8 887.4 907.6 931 965.9 1009.6 1057.1 1107.3 1105 1071.7 1041.2 996.3 941.5 904.6 869.1 843.8
407.7 435.2 463.8 496.3 519.4 527.7 547.8 576 620 655.2 688.4 715.1 744.6 766.3 788.2 812 836.1 859.2 879.3 900.1 922.5 946 968.5 999.3 1026.1 1051.7 1075.9 1091.3 1113.1 1126.3 1140.1 1152.7 1164.5 1175.6 1186.9 1200.4 1209.7 1213.9 1143.2 1131.5 1102.2 1123.8 1164.2 1084.7 1049.9 1049.9 1079.3 1125.3 1195.6 1195 1168 1057.2 1035.1 1032.2 1025.3 1053.7 1081.3 1084.6 1125.5 1134.3 1056.3 981.3 938.8 915.8 903.5 900.6 908.7 920 938.2 969.4 1009.6 1054.4 1109 1078.5 1046.5 1016 985.9 938.9 887.5 859.2 828.2
389.5 431.5 454.1 475.9 493.1 496.9 527.1 561.8 605.1 633.3 662.2 700.5 735.2 769.5 796.1 817.5 841 864.9 886.7 905.6 930.1 949.1 974.1 1005.9 1032.9 1051.9 1078.4 1100.7 1120.6 1134.1 1145.7 1159.6 1171.5 1184.7 1199.1 1213.6 1221 1223.4 1181.2 1229.9 1185.6 1201.1 1213.1 1103.6 1093.2 1108.3 1139 1168.4 1231.4 1224.5 1103.1 1085.7 1089.1 1080 1062.7 1124.8 1160.6 1158.5 1221 1166.6 1098.9 1012.3 961.6 937.2 929.6 924.8 925.7 935.9 948.4 976 1017.5 1061.2 1082.7 1054.7 1025 990.4 958.9 919.5 872.4 840.5 815.3
370.3 410.5 431.5 442.7 455.3 476.3 509.2 552.7 588.5 627.7 658.3 685.2 722.3 759.6 794 819.5 844 867 890.9 909.4 931.6 952 980 1008.5 1034.1 1058.3 1085.7 1106.6 1126.6 1140.2 1152.8 1169.1 1183.2 1195.1 1212.3 1219.2 1221.7 1224.5 1231.3 1239.8 1247.9 1247.6 1197.2 1136 1134.3 1174.4 1201.6 1239.3 1262.5 1199.1 1126.5 1117.3 1172.4 1190.9 1154.6 1197.7 1238.7 1264.8 1279.5 1188.8 1104.5 1029.4 979.1 953.3 948.5 936.5 932.1 939.9 959.4 991.3 1032.3 1072.4 1058.4 1032.5 1000.7 967.3 930.9 895.9 851.3 819.9 787.4
345.2 374.6 397.9 406.1 428.5 459.8 494.5 526.3 564.7 607.5 638.8 670.1 706.9 744.1 780.2 813.8 840.2 867.4 891.2 908.5 928.1 952.4 978.9 1004.9 1035.9 1061.2 1090.3 1113.1 1130.6 1145.7 1158.7 1176 1192.3 1201.6 1208.3 1215.5 1221.2 1227.9 1238.1 1247.4 1253.9 1256.1 1210 1198.3 1208.7 1218.9 1250.7 1302.8 1288.6 1219.1 1172.1 1183.3 1227.5 1281 1240.8 1273.7 1292.3 1330.8 1255.7 1155.8 1098.2 1029.9 984.1 961 955.5 953.8 948.4 961.3 987 1011.8 1055.2 1048 1029.7 1001.6 973.3 945.3 910.9 868.8 833.2 796.4 771.7
318.9 342.1 358.1 396.2 439.6 475.1 511.4 548.1 583.1 608.2 646.6 686.8 722.4 738.8 758.3 792.6 830 862.6 882.9 899.7 921.8 944.3 971.6 1000.6 1029.8 1058.8 1088.2 1113.2 1133.2 1156.7 1163.6 1179.9 1197.4 1202.9 1210.2 1217.5 1223.1 1234.4 1246.6 1254.3 1259.8 1268 1258.9 1274.6 1280.2 1301.7 1327.9 1337.6 1308.4 1249.3 1203.9 1222.5 1299.4 1327.4 1311.3 1339.8 1328.4 1295.7 1199.4 1131.7 1066.5 1018.4 986.1 968.2 965.5 970.2 973.5 988.1 1014.3 1056 1039.3 1016.9 996 976.4 944.5 919.8 890.6 843.9 811.1 777.3 751.3
293 324.2 359.7 398.2 438.3 474.1 510.6 547.5 581.6 613.4 643.1 671.7 697.2 704.5 746 787.2 823.9 838.8 853.6 870.4 902.1 926 959.1 991.1 1004.2 1020.9 1064.5 1095.2 1127.5 1149.1 1152.2 1160.7 1178.5 1200.8 1211.3 1224 1235.3 1245.3 1251.4 1256.9 1264.5 1272 1286.8 1302.4 1313.7 1321.8 1330.3 1336.6 1312.7 1331.9 1255.6 1339.7 1345 1343.3 1343.3 1337.3 1310.8 1235.3 1178.5 1115.8 1050.6 1011.3 987.1 979.8 983.4 995.2 1011 1026.6 1062.9 1035 1008 984.5 963.4 945.9 920.3 889.2 863.2 826.4 789.3 764.8 737.7
281.1 314.8 351.8 384.1 425.3 456.7 492.7 529 560 592.4 616.2 647.7 661.3 701.1 736.6 763.8 781.2 796.8 808.9 845.4 873.3 907.2 928.1 949.4 961.2 994.4 1037.7 1055.4 1072.2 1090.6 1092.5 1109.8 1152.8 1196.6 1216.2 1228 1234.8 1242 1249.1 1256.4 1264.5 1272.1 1285.8 1302.5 1312.7 1318.6 1326.9 1333.6 1338.5 1339.9 1333.8 1343.1 1342.5 1340.9 1335.7 1319.6 1291.1 1226.2 1144.6 1094.2 1042.9 1017 1000 999.9 1008.3 1029.9 1049.2 1069.2 1038.6 1006.9 979 955.6 934.4 912 890.5 865.6 837.2 804.8 779.9 751.5 726.6
267.9 299.5 333.9 365.9 406.3 436.8 473.6 508.7 539 561.5 598.6 600.9 644.8 676.5 715 732.8 728.4 758.4 799.9 824.3 863.3 878.6 895.3 906.2 938.9 970.4 1006.4 1004.2 1028.1 1032.7 1074.2 1111.5 1151.3 1194 1219 1226.8 1234.8 1240.5 1244 1248.2 1255.2 1265.8 1274.1 1288.5 1304.8 1314.1 1322.4 1325.9 1328.8 1332.6 1338.9 1337.7 1333.9 1320.9 1310.2 1295.2 1262.9 1188.9 1120.4 1082.5 1053.6 1029.2 1021.2 1028.7 1046.4 1066.4 1089.3 1054.8 1018.2 984 956.2 932.2 907.1 885.2 860.6 838.9 816.5 792.2 767.6 738 715.8
255.2 284.4 319.9 351 389.6 425.5 456.6 485.2 507.4 540.7 560.6 602.5 641.3 675.7 678.1 675.1 707.6 729.8 778.7 816.8 829.3 848.7 858.9 877.7 910.9 937.1 956.3 967.4 971.6 1008.3 1061.6 1107.7 1163.2 1197.7 1214.6 1221.6 1226.9 1231.6 1233.3 1234.3 1235.6 1242.6 1254.1 1268.6 1286.5 1300.1 1301.5 1307.1 1308.7 1312.6 1316.9 1314 1305.9 1293.2 1282.7 1269.5 1241.7 1204.8 1133.2 1096.7 1073 1053.5 1051.8 1063.3 1089.1 1106.1 1073 1036 1000.2 968.2 931.7 913 883.5 860.1 835.1 820.8 793 774.3 746.9 726.5 704.4
238.4 269.8 301 334.3 372.1 402.4 425 444.8 490.9 530 570 600.7 629 623.3 623.8 648.4 704 749 778.4 783.8 795.6 815.4 819.5 857.6 870.8 892.6 905.4 927.2 981.7 1029.1 1068.4 1105.5 1154.8 1185.2 1201 1210.8 1217.6 1218.5 1218.8 1212.9 1214 1221.7 1232 1245.4 1256.7 1266 1269.4 1276.2 1278.5 1284.2 1288 1280.1 1268.6 1261 1253.3 1243.7 1230.3 1214.5 1154.9 1129.5 1104.1 1094.5 1097.7 1116.7 1109.7 1083.8 1053.7 1015.6 976.9 944.9 915 890.4 862.8 834.6 813.5 794.4 767.4 755.3 730.7 711 692.6
223.9 253.4 283.3 314.1 347.7 375 413 449.7 488.4 520.6 553.2 579.4 586.3 579.4 581.7 639.3 700.1 722.9 731.1 740.9 761.1 761.8 806 828.9 834.3 861.3 909.3 948.6 992.1 1040.4 1079 1095 1129.2 1161 1181.9 1190.5 1197.3 1199.2 1198.4 1194.4 1187.3 1195.2 1202 1205.9 1224.9 1229.9 1228.1 1240.4 1241.4 1249.3 1251.3 1241.5 1231.3 1227.9 1223.4 1215.9 1203.3 1191.3 1177 1157.5 1139 1139.2 1141.8 1126.9 1085 1047.4 1029.4 999.8 957.1 922.6 895.6 868.8 844.2 814.7 789.3 762.4 753.1 738.4 716 697.2 679.4
