data/NO33.asc
ncols 200
nrows 200
xllcorner 330000
yllcorner 730000
cellsize 50
[rows 140 to 174 of 200, columns 79 to 157 of 200]
90.5 93 93.7 93.8 94.5 94 95.6 96.7 97.1 97.1 97.2 97.6 98.2 98.5 98.8 99.4 99.8 101.2 102.1 102.5 102.9 102.8 103.4 105.2 105 106.5 109.3 110 109.1 108.1 109.1 109.8 111 112.3 112.1 113.1 114.3 114.4 114.8 115.4 116 116.9 117 115.7 115.7 115.1 116.1 114.8 117.1 118.4 118 117.5 117.3 117 118.1 118.9 118 117.5 120.7 122 121.9 122 123 120.7 122.1 124 122.3 122 122 121 119.9 118.2 118.1 116.4 115 113.8 112.6 110.9 111
88.7 90.8 90.4 90.4 90.1 91.4 94.2 93.6 95.1 94.8 95.4 95.7 96.2 96.3 97.6 98 98.9 100 100.9 101.1 100.1 100.6 101.2 102.3 102.6 102.7 104 105.1 106.9 107.9 109.9 109.4 111.1 111.1 112.3 112.2 113.7 114.1 114.8 115 115.1 114.5 114.4 114 113.2 113.6 113.2 113 113.1 113.7 114.3 114.4 113.3 112 113.3 113.6 112.9 113.2 113.7 113.6 121.8 122 121.4 120.7 121.4 121 121.2 120.4 119.7 117.8 117.6 116.2 115.2 115.2 113.6 112.7 111.2 110.4 110
86.3 86.3 87 86.4 84.5 84.8 86.8 88.3 92.8 92.7 92.9 93.3 92.8 93.1 93.9 95.8 95.9 97.3 98.5 98.8 98.3 98.5 98.8 99.4 99.1 99.4 100.8 102.5 102.7 106.1 106.6 107.4 108.5 109.2 109.8 111 112.6 112.9 113.4 113.7 113.2 112.3 112.5 111.9 110.9 110.4 109.8 109.3 109.5 109.6 109.8 109.8 109.4 109.9 110.7 109.1 109.4 109.7 108.6 108.9 111 112.5 112.8 115.6 117.4 117.5 117.7 115.8 116.4 114.4 115.5 113 114.5 112.1 111.4 110.3 110.5 109 109.2
81.9 82.2 82.8 82.4 84.7 84.1 83.7 84.1 86.4 87.7 88 88 90.1 90.9 91.5 91.2 92.7 93.8 95 95.7 95.3 95.2 95.8 95.8 95.8 96.1 97.3 98.3 98.8 100.3 101.1 103.6 104.2 105.9 106 106.4 107.8 109.2 107.7 107.5 108.8 108.6 108.8 108.6 107.4 107.2 106.1 106.3 105.6 105.7 106.1 106.3 105.2 105.7 105.9 105.8 105.6 105.5 105.3 105.3 105.5 106.5 106.5 107.6 107.3 107.3 106.9 108.4 108.5 105.4 108.3 109.8 109.2 109.2 109.6 104.8 106.1 106.1 107.5
78.3 78.3 78.3 81.2 83.7 83.7 83.9 84.4 83.4 84.4 84.7 85.6 84.7 84.4 85.8 87.5 88.8 90 91.1 91.3 91.3 90.9 91.8 92.4 92.5 93.2 93.7 94.3 94.5 95.4 97.3 97.3 98.2 99.5 99.6 101.8 102.4 102.9 103.8 102.4 102.7 103.1 103.6 104 102.1 102.4 102.1 102 101.9 101.8 101.3 101.4 100.8 100.8 101.6 101.7 101.1 100.9 100.8 101 101.2 101.3 101 100.9 102.2 101.8 101.1 100.1 101.3 100.5 99.2 96.5 97.2 97.2 97.4 99.8 100.9 100.6 101.1
76.1 74.5 74 76.3 77.1 77.7 78.3 79.3 80.1 80.6 80.2 80.5 80.7 83 81.9 84.7 85 85.6 86.1 86.8 87.1 87.1 87 87.6 87.9 88.4 88.5 89.2 89 91.2 93 93.7 94.1 95 95.9 95.6 96.4 97.8 96 97.4 98 98.5 97.9 98.6 97.1 97.4 97.7 97.1 97.2 96.6 96.5 96.1 95.7 96.3 97.5 98.3 97.4 97.3 96.9 97.3 95.3 94.8 96.6 97.2 99.1 97.9 96.5 97.3 96 95.5 95.6 95.8 95.8 95.3 96 96.5 97 96.2 96.6
73.7 72.8 70.7 73.8 74.8 75.4 75.2 75.8 75.8 76.3 76.6 76.5 77 77.2 78.2 79.7 80.3 80.7 81.2 82.1 82.3 83.2 83.4 83.8 83.7 83.5 83.6 84 83.9 86.1 88.2 89.6 89.1 91.3 91.2 92.4 93 93.2 93.7 93.2 94.4 94.4 93.2 94.1 92.7 93.6 93.9 94 94.8 92.9 94 94 94.1 94.2 94.8 95.6 95.5 95.8 94 94.6 93.2 93.2 92.6 94.8 94.1 94.4 95.6 96.9 96.3 95.2 94.1 94 94.1 94.2 94.1 94.1 94.5 95.6 95.5
69.8 68.8 67.5 70.8 71.4 71.6 72.1 72.1 71.5 73.1 72.9 72.9 73 72.8 74 75.7 76 76.4 77 77.7 78.6 79 79.4 80.4 79.8 79.4 79.5 80.1 80.6 81.5 83.1 85.2 86.5 87.7 88.8 89.1 90 90.9 91.5 90.7 92.2 91.9 92.1 92.1 92.3 92.8 92.2 93 92.3 92.3 93.1 93.5 93.9 93.7 94.1 94.5 93.4 92.8 92.7 93.1 94.4 93.7 93 92.8 92.8 93.8 91 89.5 92.1 96.4 95 93.6 93.5 94.3 94.4 94.3 94.3 94.3 94.3
65.4 63.7 63.4 66.3 67.2 67.6 67.6 67.8 67.5 67.6 68 68.7 68.9 69.8 70.8 71.3 71.5 72.4 73.4 74.7 75.9 75.9 76.3 77.1 76.5 76.8 77.7 77.2 77.3 77.5 79.7 79.7 80.7 83 84.2 86.7 88.5 87.8 88.1 89.1 89.4 91.1 89.9 91.3 90.9 91 92.3 91.4 91.7 91.2 91 92.6 92.9 92.2 93.4 93.9 92.7 92.6 92.5 92.6 92.6 92.8 92.6 92.4 91.3 89.9 91.8 94.2 94.7 95.4 95 95.2 94.9 95.6 95.6 94.2 95.7 94.5 95
61.5 59.9 60.4 61.6 63.3 63.7 63.5 63.7 64.9 64.8 64.3 64.9 64.7 65.3 66.3 67.1 67.1 68 68.8 69.7 70.9 71.5 72.4 72.7 73.1 74.8 75.5 74.1 74 74.7 76.7 77 77 78.8 81.4 82.2 83.9 85.4 85.2 85 85 88.2 86.7 88.1 90.3 88.3 88.5 89.7 89.5 89.9 89.5 89.7 90.6 90.1 92 92.1 92.5 92.4 92.3 92.1 92.3 92.1 91.1 90.9 91.9 92.6 92.9 94.1 94.4 95 95.6 95 95.6 95.2 95.4 95.4 96.1 96.5 97.2
56.8 56.7 57.7 58.3 58.7 59.2 59.7 60.6 61.1 61 60.8 61.2 61.1 61.3 62.1 62.9 63.5 64.4 64 64.3 64.9 66 67.1 68.1 68.3 69.8 71.9 70.2 70.8 71.6 72.7 73.9 74.2 76.3 77.9 79.1 80.3 80.8 81.6 80.8 81.9 82.9 81.9 84.7 86.7 86.1 87.5 89 87.8 86.6 87 87.1 87.9 87.5 89.1 90.3 90.3 90.4 92.2 91.9 90.7 90.1 91.8 92.4 92.1 91.4 92.5 94.1 94.5 95.1 95.9 95.6 96.7 96 95.6 97.3 98.2 98.7 99.3
53.8 54.8 55.5 55.2 55.2 55.7 55.9 56.1 56.9 58 59 58.1 58.1 58 59 60.1 60.6 61.5 62.1 61.6 62.1 62.6 63.1 63.8 64.9 65 65.8 65.7 66.3 67.5 69.2 69.5 70.7 71.5 74 74.4 75.9 77.1 77.4 77.5 78.4 78.8 77.9 79 82.2 82.3 83.8 85.8 86.8 84.7 85.1 84.9 85.1 85.5 86.3 86.2 86.4 87.1 88.2 88.3 88.6 90.9 92.9 92.5 91.1 91.5 94.2 93.6 95.9 95.7 95.8 97.1 97.7 98.7 98.2 99.3 98.9 100 100.7
51.1 52.5 53.2 53.7 53.8 53.2 53.4 53.2 53.3 53.8 55 54.9 54.8 55 56.3 57.6 58.1 58.6 60 60 60.5 60.8 61.1 61.8 61.8 62.7 62.9 62 63.4 64.5 65.5 67 65.8 67.2 68.4 69.8 72.1 72.5 73.3 73.1 74.6 75 74.5 75.2 76.1 78.1 79.8 80.8 81.1 83 83.1 82.7 82.3 82.1 82.8 83.2 83.4 84.7 84.8 86.9 88.3 91.4 92.6 91.2 91.8 93.7 94.6 95.2 96.1 95.7 97.1 97.5 97.9 100 99.6 100.4 100.8 101.6 103.6
47.7 48.1 49.4 50.3 50.5 50.4 50.5 50.4 50.2 50.7 52.1 52 51.5 51.8 52.8 53.9 53.7 55 56.5 55.8 56.3 56.6 57.8 59.1 59.1 59.5 59.2 60.3 59.3 59.7 60.8 62.2 61.7 63.2 64.2 65.4 68.5 68.3 70 70.6 70.7 72 71.1 72.3 72 76.7 76.1 75.6 78.6 78.3 80.1 79.8 80.1 79.7 80.3 80.6 81 82 82.7 84.6 85.5 88.9 90.4 90.2 91 93.5 95.2 96 97.9 98.7 98.5 99.2 100.7 101.3 101.3 102.9 104 104.2 103.6
45.4 45.5 45.9 46.4 47.2 47.6 47.6 47.7 48.1 48 48.8 49.2 49.2 49.2 49.1 50 50.1 50.3 51.5 54.2 53.6 53.6 55.6 54.3 53.7 55.6 53.6 54.6 55.7 57 58.1 58.3 58.6 59.3 60.6 63.3 62.9 64.2 65.9 66.9 68.5 69.6 68.8 69.7 70.5 73.5 73.8 74 74.7 74.7 77 76.5 77.9 77.8 77 77.1 78.7 77.7 79.8 80.9 82.6 82.7 82.6 83.4 87.5 88 92.4 93.8 95.4 98 98.8 99.8 101 102 103.4 103.2 103.7 104.2 104.6
43.6 43.8 44.3 44.8 45.3 45.5 46.3 46.3 46 46 46.6 47.1 47.7 47.5 47.6 47.6 47.7 47.7 47.9 48 47.8 49.6 50 50.4 50.6 52.1 52.1 52.1 53.3 53.9 54.3 55.1 56.3 58.2 60.1 60.4 61.1 62 62.3 63.7 64.7 65.5 64.7 64.9 68.8 68.6 69.6 71.6 73 73.7 73.4 74 74.8 75 76.4 77 75.8 77.5 77.3 78.9 80.6 79.6 80.8 81.8 83.7 86 89 91.7 93.1 95.4 96.2 98.9 100 101.8 103.3 104 104.9 105.4 106.2
42.5 42.4 43.2 43.9 44.4 45.3 44.7 44.5 44.9 44.8 44.6 45.1 45.3 45.4 45.6 45.9 46 46 45.9 46.4 48.2 49 49.3 50.4 50.1 50.9 50.9 51.2 50.8 51.6 53.8 54.5 55.3 58 58.2 58.8 58.6 58.5 59.2 60.3 63 64.8 64.6 64.1 68.1 69.4 68.2 68.6 69.8 70.8 71.3 72.5 73.5 74.8 76.6 75.9 74.3 75.8 77.5 77 77.7 79.4 80.6 82.3 82.4 84.3 86.8 89.9 92.6 93.4 96.9 98.5 100.6 101.4 102.9 103.8 104.9 106.3 106.5
41 41.3 42.1 42.9 43.5 44.3 43 43.8 44.2 44.3 44.4 44.5 44.7 44.9 44.8 45.8 45.8 45.9 45.7 45.2 47.9 47.8 48.3 48.7 49.1 50.2 50.3 51.1 50.6 50.1 49 49.1 49.3 57 56.6 57.8 58.3 58.4 59 60.7 61.3 63.1 63.1 63.4 64.6 66.1 67.1 64.8 68.6 67.9 68.9 71.5 71.5 72.1 74.8 74.4 72.6 75.2 75.2 76.3 78.1 77.6 79 81.5 82.8 83.4 86.1 88.8 91.7 93 95.2 98 99.3 99.3 101.3 102.2 104.7 105.7 106.4
39.6 39.9 40.2 41.1 41.4 41.8 42.5 42.3 42.9 43 43.4 43.9 44.5 44.9 44.6 45.7 45.7 45.6 45.1 45 47 46.8 46.8 48.1 47.8 49.1 48.7 50.3 48.9 48.8 49.2 49.4 48.9 50.8 52.4 55.9 57.2 58.8 58.4 58.4 59.1 60.7 60.5 60.4 61.2 62.4 66.5 64.4 65.7 66.5 67.9 68.9 69.4 69.3 71.8 69.9 70.8 72 72.9 76.8 75.8 75.8 76.9 78.1 83.7 80.8 82.5 87.4 89.8 91 93.7 95.5 97.2 97.6 98.8 101.7 103.4 104 105
37 36.5 38 37.9 38.8 39.7 39.9 41.1 41.3 42.2 43 43.5 44 43.7 43.7 45.5 45.4 45.4 42.2 46.6 47.3 46.8 46.1 46.7 47.8 47.4 48.1 48.4 48.8 48.8 49.6 49.5 48.5 49.1 52.5 54 56.6 58 57.3 57.4 58.3 59 58.4 58.6 59.4 59.9 63.1 63.1 62.8 66 66.4 64.9 66.4 66.5 67 67.5 67.7 69.8 70.6 72.4 74.4 72.5 72.6 75 76.5 80.3 80.5 84.5 86.1 88.9 90.1 93.2 94.2 94.6 98.2 99.1 100.5 102.1 103.4
33.3 33.5 34.4 35 35.5 36.1 37.4 38.9 39.5 40.3 41.1 41.9 42.7 42.4 43.1 44.2 44.7 44.8 42.5 45.7 46.1 47.2 46.7 46.4 46.9 47.7 48.5 48.9 49.6 48.1 49.7 49.7 48.2 48.9 53.2 52.7 53.2 54.6 55.4 55.2 55.3 55.1 56.7 56.9 57.3 58 57.9 57.7 58.7 60.2 61.1 62 61.4 61.1 62.7 63.9 63.8 64.8 65.9 66.6 68.7 70.5 71.6 73.7 72.7 74.9 79.2 79.4 81.2 84.1 87.1 89.2 89.6 91.8 95.1 96.8 98.1 100.1 99.3
29.8 30 31.5 32 32.2 32.9 34.8 36.9 37.6 38.4 39.3 40.2 40.9 40.2 41.4 42.5 43.2 43.5 40.9 45.8 46.3 46.8 47.2 46.3 46.6 47 48.2 48.3 48.7 48.7 49.6 49.7 48.8 48.9 49.9 50.9 51.9 52.1 51.6 52.8 53.2 53.6 52.5 53.4 54.6 54.8 54.6 55.2 55.3 55.4 57 58.9 58.5 59 59.4 60.4 61.9 61.8 61.8 62.9 62.3 66.2 67.5 68.6 69.2 71.8 71.8 75.7 76.8 79.9 82.8 82.5 85.3 87.8 92.5 93.4 94.2 96.2 97.5
25.7 26.6 27.7 29.7 30 31 33 33.4 35.1 35.9 37.4 38.4 38.8 36.4 39.8 41.1 41.1 40.6 42.4 44.5 44.7 44.7 45.7 45.7 46.4 47.5 47.7 48.7 49.1 48 49 49.1 49.3 49.5 48.7 49.6 50.8 51.1 49.9 50.5 50.1 50.1 50.7 51.8 52.4 53.1 53.1 54.4 54.7 54.5 55.7 56.3 56.7 58.2 58.1 59.3 59.7 60.6 60.5 60.6 62.6 65.8 64.8 66.6 67.3 68.1 64.9 64.8 74.8 77.6 79 80.7 82.2 86.1 87.7 90.7 91.4 92.2 92.7
23.5 24.4 26.1 27 27.8 29.6 30.2 31.7 33.1 33.8 34.9 36.7 36.7 33.3 38.6 39.1 39.5 37.2 39.4 41.2 41.9 43.2 44.2 44 45.4 46.8 47 47.5 47.9 47.1 47.5 48.2 48.8 49.3 48.9 47.6 48.4 49.1 49 49.2 49.8 50.1 51.6 51.8 52.5 52.7 53 53.9 54.3 55.9 55.5 56 56.2 57.2 58.1 59.4 59.5 59.9 59.1 59.3 60.7 61.4 62.8 62.8 64.3 68.2 67 67.3 70.9 75.6 76.9 77.7 81.1 81.7 85.4 88.5 89.5 89.6 91
22.2 22.3 23.3 24.7 25.4 26.9 27.7 29.5 30.4 31.9 33.2 34.8 33.7 33.9 36.6 37.1 36.7 35.2 30.7 31 36.7 37.5 39.8 44 45.3 46.1 46.2 46.6 46.7 47.1 47.6 48.6 48.5 49.6 49 47.8 48.2 48.2 48.9 49.3 49.1 50.4 51.3 51.8 52.2 52.5 53.4 54.3 54.8 56.6 56.8 55.8 57.7 58.2 58.2 59.2 58.7 58.1 59.1 59.6 59.8 60.4 60 61.4 62.7 66.2 66.7 68.5 70.2 73.3 74.2 75.2 79.6 80.8 82.3 84.1 85.9 87.1 87.5
21.4 22.4 23.6 24.2 24.1 24.8 26.1 26.7 28.2 30.7 31.7 32.1 28.9 33.7 29.3 27.6 26.4 27.1 38.2 40.8 41 42 43.7 43.7 44.8 46.3 46.5 46 46.8 46.8 46.4 47.1 46.2 47.7 47.4 48 47.8 48.1 49.4 49.4 50 51.3 51 51.2 51.5 53.2 54.2 54.7 55.2 56.6 57.7 57.8 58.4 58.6 59.3 59.7 59.2 58.8 58.9 59.5 60.7 60.2 60.4 61.1 61.1 63.1 64 66.5 67.3 69.9 76 74.3 74.4 76.5 80.3 82.4 82.8 84.6 85.1
21.1 22 22.5 22.4 22.9 24.3 25.7 26.5 28.8 28.7 22.2 23.3 24 23.8 24.4 31.9 35.7 36.9 38.6 40.2 42 41 44.2 44.2 44.8 45.7 47.8 48.6 50 49.6 49.4 49.3 49.4 49.2 49 49.4 49.8 49.2 49.8 49.3 50.7 52.5 53.1 52.6 53.8 54 54.1 54.8 55.1 57.1 60.2 60.4 59.8 60.3 61.1 61.2 61.4 61.4 60.5 61.6 60.7 60.8 59.9 61 62.3 62.8 63.4 65.5 66.5 67.3 68.4 69.9 72.5 73.4 75.2 77.7 80.7 81.1 81.4
21 20.7 21.1 21.5 21.7 23.8 24.4 25.7 26.3 20.9 23.6 33.5 34.2 35.1 35.6 35.9 37.1 37.4 37.9 39.2 42.4 43.7 45 44.9 45.9 49.9 50.9 51.3 51.1 51.3 52.7 52 50.9 52 49.7 49.9 50 49.6 50.4 50.4 50.9 53 54.6 53.8 55.2 55.6 57.2 58.7 59.3 59.2 64.4 63.5 64.2 63.5 63.7 64.1 65.4 63.6 62.4 61.9 61.9 61.3 63.3 64 63.1 63.8 64.8 65.1 66.6 67.7 67.2 68 69.7 70.2 73 74.1 76.5 78.5 77.9
20.1 20.1 19.9 21.1 21.2 21.8 24 23.9 20.1 21.4 29.5 33.7 36.4 37.4 37.1 36.6 36.7 36.9 37.1 38.9 42.3 43.2 42.9 44.9 46.2 48.5 49.3 50 51.1 51.5 52.2 52.4 52.1 52.3 52.9 51.1 51.5 51 51.4 51.6 51.7 53.6 56.4 56.5 57.4 58.8 60.1 61.8 63.5 65.9 66.5 67 66.9 67.3 67.7 68.4 67.9 67.7 67.3 66.7 67.3 64.3 66 67.5 67.2 66.2 66.3 65.3 67.7 67.3 67.8 68.9 70.4 70.6 71.4 72.4 72.4 73.9 76.4
19.3 19.5 19.5 19.8 20.5 22.8 23.4 22.2 17.6 21.8 28.1 32.5 35.8 37.3 37.3 36.8 36 36.4 36.7 38.7 40.3 40.8 42 43.5 45.5 46.7 48 49.5 49.5 51.3 51.6 52.2 53.3 53.2 53.3 53.8 54 54.5 54.7 56.4 54 57.1 58.2 58.7 59.3 60 61.8 64.5 66.5 69 70.5 72.3 73.7 73.1 72.5 71.2 72.6 70.5 69.6 71.6 70.9 70 69 69.7 68.8 69.4 68.4 69 68.3 67.7 68.1 70.7 71.2 71.4 71 71.7 72.6 74.9 77
17.6 17.6 17.9 18.2 19.2 20.6 22.3 21.7 16.8 21 25 29.4 33.6 36.4 37.5 36.3 35.9 35.8 36.2 37.9 38.4 39.5 41.6 43.2 45.9 47 49 50.1 50.5 51 51.9 52.7 53.6 54.8 54.5 54.6 54 54.7 55.5 57 56.9 58.2 58.8 59.4 63.7 65.4 66.6 69.6 72.7 74 75.5 77.4 78 79.1 80.9 79.5 79.2 78.6 77.1 74.9 75.7 74.9 75.5 75.3 73 72.7 71.6 71.7 71.7 70.9 71.8 71.7 71.8 71.8 72.5 71.7 73.9 76.6 77.1
16.4 16.2 16.2 16.5 19.1 20.2 21.2 21.5 16.8 18.3 21.8 26.8 31.3 33.6 35.5 35.9 35.1 35 35.3 35.8 37.6 39.2 41.5 44.1 45.9 47.7 49.8 50.9 51.3 51.6 54.7 55.3 57.4 58.8 58.6 57.9 55.2 54.8 58.3 58.4 59.8 66 67.9 67.8 69.3 73 75.6 76.5 79 82.4 82.7 82.7 84.2 84.5 85.4 86.4 83.7 81.6 81.3 81.6 80.5 82.2 83 82.9 81.3 81.4 80.6 79.6 78.1 76.4 76.9 77 75.2 74.8 74.4 75.5 74.6 76.7 77.2
16.6 16.4 16.5 16.1 17.3 18.7 19.6 19.9 16.2 17.3 19.8 22.2 27.6 30 31.3 33.8 33.6 33.6 33 35.7 38.8 40.7 44.3 45.6 48.7 49.6 51 54 55.6 56.6 56.9 61.1 61.4 62.4 63.3 62.8 62.8 63.5 64.7 64.8 68.2 72.2 74.3 76.9 79.4 79.4 81.2 83.3 84.7 87.5 89.3 90.2 90.7 90.6 91.2 91.2 91.8 93 91.2 89.7 89.5 88.4 90.7 87.8 87.6 86.3 87.2 86.7 85.3 84.5 83.7 83.7 84.2 81.4 79.8 79.5 80 80.6 81.3
16.1 16.1 17.4 15.5 14.9 16.1 17.3 16.9 17.1 17.2 19.8 20.8 22.4 26.8 29.4 30.4 31.3 30.5 33.6 36.5 39 42.3 45.5 47.2 48.8 49.6 52.6 53.9 56.5 56.8 59.2 61.6 62.9 68.3 66.7 68.4 69 70.6 73.8 74.2 75.7 78.6 80.8 80.9 82.3 83.8 86 89.3 88.6 94.6 97.5 99.6 101.6 101.5 101.1 99.6 97.9 97.9 96.3 96.7 98.2 95.5 96.7 96.1 95 96.8 96 93 91.8 91.7 92.8 92 90.6 88.9 88.2 87.3 86.2 85.8 86.8
15.2 13.5 14.7 14.3 14.9 17.1 15.7 15.3 17.5 18.5 19.5 20.5 21.4 22.7 26 27.4 27.7 30.3 32.8 36.2 40.6 44 44.4 47.7 49 50.5 52.5 55.2 56.7 59.7 61.4 65.6 67.4 72.9 72.6 72.1 74.6 76.9 78.6 79.9 80.6 82.3 84.7 86.1 87.9 89.2 89.9 93.7 96.7 99.8 104.8 106.4 106.6 106.5 107.7 107.3 104.6 103.1 103.5 104 103 101.9 101.4 102.6 102.5 103.6 102.3 100.5 98.6 99.1 98.8 98.4 97.6 96.8 94.6 94 94 93.2 92.3
