data/NO33.asc
ncols 200
nrows 200
xllcorner 330000
yllcorner 730000
cellsize 50
[rows 0 to 34 of 200, columns 79 to 157 of 200]
310.6 317.9 324.7 326 327.4 330.2 331.1 332.1 333.6 338.4 352 363.2 368.4 370.4 368.1 364.6 361 358.1 353.6 356.3 352.9 353.3 353.4 357.1 369.3 367.4 360.4 357.5 360.5 376.2 372.5 370.9 370.5 370.5 367.7 363.2 352.4 343.2 337.9 334.5 333.6 337.2 343.1 345.7 351.6 356.3 361.9 361.7 356 347.2 335.2 326.9 329.9 337.5 346.6 356.1 367 377.1 384.8 390.7 398.1 403.5 405.7 407.3 407.1 409.1 409.9 413.3 422.6 428.8 434.2 435.9 440 445.6 452.4 452.5 437.8 422.3 404.7
296 303.3 308.4 313 317.2 319 319 319.4 319.7 326.4 337.6 352.1 361.4 364.5 365.6 362.2 359.6 356.9 352.3 351.3 356.3 356.8 356 363.3 374.4 379.9 371.2 373.4 380.7 391.1 386.6 378.2 377.5 381.5 375.8 370.2 357.8 346.8 339.8 336.4 335.6 343.4 346.9 350.2 355.7 361.9 368 369 363 351.8 338.9 330.8 335 343.3 352.5 362.5 374.1 383.3 391 395.4 404.1 410.3 410.8 409.9 410.4 412.7 415.4 421.7 428.2 433 436.3 436.1 442.3 449.1 449.7 439.5 425.3 409.3 397.5
278.9 286.5 295 300.9 305.1 306.7 308.2 309.1 306.4 310.9 331.2 339.1 345.8 353.8 356.8 356.5 355.5 355.1 351.5 348.4 348.2 357.6 359.8 357.6 378.7 386.7 379.3 393.5 399.1 403.7 398.3 387.3 383.7 387.3 382.1 376.2 362.1 349 339.1 338.8 338.3 346.8 351.2 353.1 359 367.8 371.4 372.6 365.2 352.7 341.1 336.1 340.3 347.7 355.8 367.7 380.9 390.1 395.7 398.8 403.7 408.4 411.4 412.7 415.2 415.1 421.1 425.9 430 435 434.6 435.6 439.9 438 428.9 416.2 404.4 397.3 389.7
274.9 279.6 283.2 289.3 292 294.7 296.1 296.5 296.6 294.6 310.8 326.2 337.4 341.3 343.7 344.2 348.3 348.3 347.4 344.2 343.7 346.5 348.1 346.7 360.3 378.5 386.6 398.7 407.7 415.8 415.6 400.8 391.1 386.7 382.5 373.5 363.4 347.6 339.2 339.5 341.4 351.9 359.5 358.5 368.5 373.1 377.4 378.3 370.3 358.3 344 340.3 344.3 352.8 364.2 376 385.5 393.5 400.2 400.3 399.3 403 408.5 409.2 411.7 414.6 419.2 425.6 430 428.1 425.6 426.3 419.1 411 402 395.4 394.8 390.1 381.5
266.4 267.7 269.6 273.3 277.1 281.1 283.1 286.7 288.1 286.8 286.7 297.5 312.9 322.1 327.9 333.3 337.4 339.6 340 338.7 341.4 344 341.4 340.5 343.8 355.8 372.3 385.1 404.7 416.2 417.1 408.7 395.9 386.2 379.5 370.9 362.3 345.8 339.5 341.3 345.3 355.5 360.7 361.2 372.6 376.7 381.9 382 375.3 362.5 346.8 344 349.4 358.6 369.3 379 387.4 392.6 396.5 397.2 396.4 396.5 398.8 399 402.7 408.4 414.1 417 418.2 413.7 405.7 398.1 392 385.3 384.1 385.8 383.7 379.7 371.5
254.2 256.8 260.1 263 266.8 270.2 272.3 276.8 277.5 280.9 280.7 285 294.7 303 305.4 309.9 319.6 325.1 327 329.9 333.4 334.4 334.4 336.1 341.2 349.1 362.2 376.7 396.8 417.3 420.9 409.8 397.1 388.9 382.9 375.7 367.4 346.8 340.1 339.6 347.1 354.6 360.8 364.4 369.5 374.8 383.4 383.3 380 367.1 350.5 344 351.8 362.1 368.8 376.4 382.1 385.4 388.2 390.4 390.7 391.1 391.3 390.3 388.9 394.8 401.9 404.6 404.5 396.8 388.8 383.3 376 371.6 372 373.2 373 369.4 362.5
237.7 245.4 250.9 255.2 258.4 262.3 265 267 269.2 274.4 277.1 280.8 287.8 294.7 299.2 301.7 308.2 313.9 319.1 318.7 321 325.4 330.8 331.4 335.3 343.9 351.8 369.6 386.9 400.3 411.9 405 397.3 389.2 383.1 377 369.1 349.5 340.5 340.2 348.4 357.2 361 369.7 375.3 379.4 381.3 382 380.1 371 354.5 341.1 345.6 355.9 362.2 367.7 372.6 376.7 380.1 381 380.8 383.5 384.6 383.5 381.1 387.5 388.4 384.6 381 374.1 370.6 364.4 362.1 359.9 356.8 354.2 352 350.1 344.9
229.8 235.1 238.4 242.2 247 250.7 254.7 259.9 262.1 266.5 273.8 277.8 280.2 286 298.1 302.4 300.4 303.9 306 307.5 313.2 313.7 319.2 324.1 328 336.5 344.2 353.1 368.7 383.5 390.5 397.4 397.3 391.6 384.4 379.9 372.5 352.9 341.5 340.6 348.8 356.5 365.7 373.9 383.9 384.7 375.1 369.6 366.5 360.9 355.4 342.4 335.4 342.1 351.1 357.6 362.4 365.3 366.8 366.7 366.4 368.7 371.2 370.6 369.4 367.5 365.4 364.6 363 357.1 356 355.7 349.1 344.6 341.1 335.4 330.6 326.4 321.3
220.1 224.7 228.4 231.7 234.8 239.6 245 248.2 251.8 258.2 266.1 273.4 273.6 283.7 290.7 297.4 298.9 299.1 297 299.3 301.5 306.8 310.8 313.8 317.4 324.1 334.7 343.6 359.3 373.4 386.9 396.1 394.8 392 388.9 384.6 378.1 361.4 347.3 343.7 348.3 358.9 371.6 380 387.9 386.4 375.3 364.6 354.7 352.9 345.8 335.8 329.9 328.7 329.8 333.5 336.6 341.4 345.2 351.5 354.4 356.1 357.9 354.1 350.3 347.7 348.8 349.2 347.5 342.8 343 339.2 334.3 328.7 322.6 316.4 311.1 305.5 301.6
211.9 216 220.3 224.4 227.6 230.9 233.7 240.6 245.2 247.9 254.8 261.1 266.5 268.2 274.9 282 284.3 288.1 291.5 295.8 297.8 299.5 301.5 304.3 307 312 320 331.9 353.6 372.6 384.3 393.1 395 399.9 395.5 389.4 388.7 378.4 356.4 347.6 349.6 361.6 380 387.8 391.1 390.6 379.4 367.8 354.7 350.2 342.4 334.1 324.3 322 320.8 320.1 323.8 330.9 338.4 348 349.8 350.4 347.2 342.1 338.3 336.1 336.2 337.3 335.6 331.4 330.8 325.9 320.7 315.5 308.1 302.6 297.5 292.7 288.7
208.4 210.1 213.2 217.3 221.4 225 228.1 237.1 242.1 243.6 246.9 251.6 257.3 261.4 266.4 269.9 273.6 276.9 280.4 286.8 290.9 293.9 297 299 300.1 305 313.6 326.5 342.4 359.1 372.2 383.1 390.2 394.4 392.5 390.7 388.7 382.9 370.7 351.6 349.7 364.1 381.6 390.9 395.2 393.2 379.6 370.7 359.5 350 337.9 327.4 318.3 314.3 313.7 315.1 323 329.6 330.6 328.3 328.5 326.5 326.4 329.2 329 327.4 325.7 322.6 320.1 319.8 318.4 314 308.5 301.5 296.9 292.4 288.2 283.9 279.6
207.3 208.1 210 212.5 216 219.7 224.8 231.2 238.1 241.7 245.8 247.9 249.8 254.2 257.7 261.1 263.1 268.2 270.6 272.3 279.2 285.2 289.7 293.7 296.8 301.3 309.6 319.5 331.7 345.1 358.1 371.6 380.9 383.4 386.1 383.8 379.6 377.9 375.2 354.7 349.1 364.4 383.9 388 391.8 384.6 376.4 369.3 359.9 353.2 341 330.6 317.5 307.4 307.6 309.6 311.3 314.5 317.1 312.8 315.4 317.3 319.1 320.3 318.3 315.8 311.8 309.2 307.7 304.5 301.2 297.3 291.7 289.3 287.1 283.7 279.6 276 272.2
207 208.1 209.3 211.2 213.9 217 221.4 227.5 233.3 237.5 241.8 245.6 247.7 251.8 253.6 254.2 255.5 257.8 263.4 266.6 273 280.3 285.5 291.2 295 299.6 306.6 316.4 325.5 332.6 341.6 353.5 364 367 365.7 361 359.8 365.9 365.4 363.9 345.2 360.1 383.2 380.4 379.1 363.5 372.6 360.1 356 350.4 340.9 330.1 319.3 305.1 301.5 302.1 303.3 303.5 302.9 308.9 313.7 313 313.1 310.7 308.6 306.4 302.6 300.6 298 294.2 290.1 285.9 283.5 280.1 277.7 275 271.7 268.2 265.6
204.9 206.1 207.4 209.8 213.6 218.3 222.7 226.4 232.4 236.4 241.1 244 246 250.8 250.6 250.8 250.9 253.2 256.3 260.6 265.2 270 275.7 284.1 291 295 300.6 308.9 321.4 330.1 337.6 342.9 344.6 346.2 349.2 351.8 356.4 356 347.2 352.1 339.1 348.4 372.1 367.2 357.2 363.7 355.3 355 352.5 344.5 335.2 326.3 316 308.2 300.1 294.6 291.9 293.4 297.8 301.3 301.7 301 301.2 298.4 296.1 289.4 286.9 284.9 284.4 281 277.7 275.6 273 272 269.2 266 263.3 261.3 260.2
203 204.2 205.4 208 213.5 218.3 223.3 228.8 234.8 239 240.8 242.3 242.2 243.9 246.4 247.5 248.1 250.4 252.8 254 254.4 259.1 266.2 273.3 280.8 285.7 292.3 293.3 307.4 315.7 322.1 326.3 330.1 338.4 348.1 352.3 356.6 356.5 340.9 337.2 329.9 327.2 341.4 352.1 353.1 352 350.8 352.7 349.2 343.9 334.9 326.4 317.9 309.5 299.4 293.2 289.5 289.6 290.5 287.8 285.4 284.4 284.2 281.6 276.2 273.9 279.2 281 277.5 272.4 270.7 267.2 264.8 263.2 260.2 257.7 255.3 254.8 253.8
201.5 202.4 203.6 205.4 210.5 215.9 223.3 229.1 234.8 238.3 239.7 239.5 240.6 241.7 242.2 243.3 245 246.8 247.3 248.2 248.6 250.8 254.4 261.9 265.7 272.1 283.1 285.9 292.4 300.1 308.4 316.2 327.6 339.2 348.7 352.5 354.5 358.1 345.9 328.6 320.3 315.9 314.8 327 332.2 335.7 335.4 333 336.2 331.7 327.3 324.1 318.3 311.8 301.3 294 291.5 286.6 282.6 280 276.5 272.8 269.3 266.4 267.4 272.9 273.7 269.4 263.7 261 259 258.3 257.6 254.3 250.8 248.6 248.9 248.8 247.8
201.2 201.9 202.4 203.9 207.3 212.4 218.4 224.7 230 233.3 234.6 235.4 237.9 240.5 240.6 241 241.3 240.3 242 242.5 243.5 246.1 247.3 252.3 257.5 261 266.5 277.7 287.1 299.2 305.4 315.8 327.9 338 344.5 349.1 348.5 348.1 339.2 325.6 315.5 308.3 296.7 298.5 301.2 307.9 307.7 310.1 309.6 309.7 307 302.3 297.2 288.3 289.7 290.7 291.3 288 281.9 276.1 271.5 268.3 264.3 260.9 261.3 263.2 261.7 257.7 255.4 252.3 250.5 247.8 245.3 243.8 242 241.8 241 240.1 239.7
200.5 201.5 202.7 204.6 206.7 209.8 213.1 217 221.8 226 229.1 230.2 232.3 234.7 238 236.7 237.4 238.6 239.9 239.7 240.4 242.6 243.3 244.8 248.3 256 264.1 274.5 285.8 293.6 296.7 306.9 319.2 329.7 333.1 339 338.5 336.8 330 321.6 310.4 305 299.4 291.3 287.6 288 292.5 291.8 293.5 292.3 287.5 282.9 281.9 279.9 281.1 282.6 282.8 282.1 278.4 274.1 270.8 265.2 260.4 256.7 254.4 253 250.4 247.9 245.1 243 240.9 239.1 237.7 236.2 236.5 236.5 235.7 234.7 234.4
198.8 200.5 202.2 203.5 205.9 207.7 210.5 214.2 215.3 217.7 222.1 225 227.1 230.1 233.9 235.8 233.6 234.3 234.8 236.6 238.2 239.4 240.8 242.7 245.5 247.8 250.9 257.6 267.4 277.1 283.8 291.2 300.1 307.2 308.2 304.5 302.8 302.4 303 304.2 296.4 294.9 293.7 286.6 281 276 279.2 281 276.5 274.8 270.3 267.7 268.5 272.4 271.8 271.1 270 268 266.5 263.3 261.9 255.1 248.7 246.2 244.5 244.8 242 239.6 237.4 234.8 233.2 231.8 230 229.2 229.2 229.1 229.1 229.1 228.1
198.7 200.6 202.8 204.8 206.9 210.7 213.1 212.9 213.2 216 217.5 220.2 223.7 226.2 228.6 229.7 231.9 232.8 233.1 237.6 235.7 237 238.1 240.4 244.3 246.8 248.5 251.7 254.4 258.3 261.1 264.6 269.3 273.2 275.1 275.2 277.2 282 279.8 275.6 275.2 272.7 268.6 267.8 265.3 267.8 268.7 264.9 264.2 260.5 258.2 259.7 260.2 258.6 256.9 256 255.3 253.6 247.7 243.8 241.5 241.8 234.7 237.3 235.4 235.8 233.1 231.1 229.2 227 225.5 223.6 223.7 224.6 223.7 223.2 222.8 222.4 220.9
198.8 201.5 204 205.7 208.8 212.3 215.2 215.9 216.9 216.7 217.5 217.3 221 223.9 226.2 228.9 229.6 230.7 231.8 234.5 238.9 238.7 239.6 241.7 246.1 249.2 253.5 256.1 254.6 255.5 256.4 255.9 257.4 260.2 262.8 266 273 280.4 282.6 274.7 267.7 261.6 254.8 251 252.7 248.9 249.3 248.1 247 243.7 245.2 246.1 244.5 247.1 244.5 240 236.9 233 233.2 233.7 233.9 232 230.9 229.1 227.6 227.5 225 222.8 221.5 220.3 219.1 219.6 221.5 221.4 219.5 218.5 217.2 216.2 215.3
198.7 201.4 203.1 207.2 211.6 212.5 214.7 216.6 218 218.9 220.2 222.6 225.1 226.3 227.6 229.7 231.1 231.3 232.4 236 237.8 239.3 242 245.3 247.9 253.2 257.7 263.1 264.7 264.7 262.6 259.6 261.9 266 267.2 270.9 275.3 274.2 272.1 267 263.2 258.3 252.3 245.8 242 238.8 235.7 234.9 233.1 232.3 230 225.7 223.1 222.6 220.2 219.5 219.1 220.1 220.6 219.9 218.5 219 221.2 220.9 220.1 218.9 217.8 214.6 214.2 215 215.4 216.7 216 216.1 213.9 211.9 211.5 210.8 209.4
198.2 200.3 202.1 203.1 208.6 212 213.4 215.4 216.4 217.9 219.7 223.2 227.7 231 231.5 231.4 231.3 231.2 235.5 236.1 239.3 240.7 244.7 247 251.1 255.3 262 266.8 272.3 275.4 274.8 272.7 269.6 272.5 272.5 268.9 268.2 266.9 263.5 260 255.1 251.9 247.1 242.5 238.4 234.5 232.8 232.6 232.3 231.3 228.5 225.1 223 221.5 219.5 217.5 215.2 213 212.9 212 211.2 211.7 213.4 213.3 211 209.6 207.9 207.1 207.2 206.6 206.5 206 205.4 205.3 205.8 206.2 207 205.9 204.6
197.8 199.4 201.1 202 203.5 206.7 210.9 212.9 215.5 217.4 220.6 224.4 228.3 232.5 238.5 238.8 235.9 234.4 235.6 236.2 239.4 240.8 245 249 253.6 261.4 265.4 269.6 273.8 275.3 274 270.5 268.4 269.6 270.2 269.1 266.8 264.4 258 251.9 247.2 245.6 242.4 237.9 235.5 230.7 228.2 227.6 227.1 226.3 224.5 222.6 221.5 219.8 218.8 217.9 216.6 214.5 213.3 212 210.6 209.5 210.9 209.7 207.6 206.1 205.1 204.8 204.1 203.6 204 203.9 203.8 203.7 203.5 203.3 203.3 203.2 202.4
196.8 198.7 201.7 201.4 202.3 204.2 206.3 209.3 212.3 216.2 219.7 222.9 227.2 230.9 236.8 244.2 244.6 240.8 240.8 240.7 242.8 241.9 245.8 248.4 253.2 262.7 270 275.5 277.7 278 275.2 270 267.7 268.3 266.3 263.9 259.3 255.9 252.6 249.9 245.9 241.2 238.4 235.4 231.6 227.9 224.7 223.4 222.1 221.2 220.8 220 218.8 217.9 217.3 217.3 216.5 215.5 215.1 213.6 213 212 211.4 209.7 208.8 206.8 206.2 205.6 205.2 204.8 204 203.9 203.6 203.4 203.1 203.1 203.4 204.5 204.1
195.9 197 198.6 200.4 202 203.3 204.5 206.8 209.8 212.8 216.6 221.1 225.1 231 235.7 240.5 244.3 246.7 246.1 245.4 243.5 244.7 249.8 251.5 251.3 255.9 264.7 271.4 276 278.2 276.3 273.9 271.6 267.3 265.6 261.4 259.6 255.2 251.2 246.4 242 237.7 232.7 229.1 226.5 225.2 222 219.8 219.4 219.8 224.4 228.4 225.5 223.5 222.2 220.8 220.2 220 219.1 217.3 215.1 213.8 213.7 213.1 212 211.1 209.5 208.7 208.8 207.7 206.9 206 206.2 205.7 205.9 205.8 206.4 206.9 207.3
195 196 196.8 198.2 199.9 200.5 203.1 205.8 207.7 211.2 214.4 217.3 222.9 228.1 232.9 240 244.4 246 245.7 246.3 245.3 244 247 248.9 252.8 255.9 260.4 263.7 266.1 266.9 266.4 267.5 264.1 262 259.4 256.8 253.8 251.8 249.5 246.7 242.2 237.5 231.7 227.6 223.2 221.3 220 218.1 217.2 219.7 221.2 222.2 221.4 219.7 218.6 216.6 216.5 216.2 216.3 216 214.3 212.1 211.7 212.6 212.7 212.1 211.5 210.5 209.6 210.1 209.7 209.9 209.7 209.2 208.4 209.4 209.7 209.7 209.6
194 195 195.7 196.2 197.3 198 199.4 202.6 205.2 208 211.7 214.7 218.9 223 230.1 238.9 245.2 245.2 244 241.8 241.6 243.7 244.7 246.6 249.9 251.9 255.3 259.8 262.3 261.9 260 257.9 256.1 253.2 251 249.6 250.5 250.7 248.6 244.5 239 235.1 229.6 226 222.9 220.6 219.1 217.2 215.1 216.5 215.7 215.1 213.9 213.3 211.5 210.7 210.2 210.4 211 210 209.5 209.9 209.7 210.4 211.1 211.4 210.8 210.3 210.2 211.2 211.2 210 209.6 209 209.1 208.9 209.9 210 208.5
193.9 193.8 194.7 195.1 195.7 196 196.8 199 201.7 205 207.8 212.1 216 217.9 219.3 223 227.8 233 239.2 239.5 238.7 241.1 243 244.9 247.8 249.4 251.2 252.2 254.8 255.9 255.6 253.9 250.3 248 245 245.8 249 250.4 249.1 242.8 236.7 232.1 228.5 224.6 222 220.6 218.9 216.7 213.7 212.2 210.9 209.4 207.9 206.9 205.6 204 203.3 202.8 203.4 202.2 201.4 203.3 203.1 203.7 204.8 205.2 206.9 207.1 206.1 205.7 204.9 204.2 204.2 203.9 204.2 205 207 208.1 207.6
193.9 193.8 193.6 193.9 195.1 194.7 195.3 196.4 198.3 201.7 206.6 208.5 210.7 213.7 217.6 218 218.7 221.3 224.3 229.3 231.8 235.9 241 244.7 245.6 248.4 250.2 249.6 250.9 250.8 250.4 248 246.8 244 243.4 244.3 247.6 248.4 247.8 241.4 235 231 226.9 222.9 220.8 218.8 217.2 215.6 214 212.1 210 207.6 204.6 202.8 201.5 200 199.3 198.4 197.4 196.7 195.4 195.1 194.3 193.9 194.9 195.6 195.9 197.4 198.5 198.8 199 199.6 199.9 201.3 202.8 203 203.2 205.1 205.9
196.9 196.2 193.6 193.8 194.4 193.7 193.9 194.7 196.9 198.6 202.2 204.5 205.7 207.1 210.2 214.1 215.6 219.2 222.3 221.8 222 225.4 230.5 235.4 239.9 243.3 246 247.3 247.8 252.1 248.6 246.6 245.9 242.1 243 242.9 245 243 244.1 239.6 231.2 226.8 223.7 221.5 219.4 218.5 218.1 217.4 215.7 213.2 209.5 206.7 204.3 202.7 201.8 200.4 198.3 198 196.5 195.4 194.3 193.7 194 193.5 193.6 193.6 193.7 194.2 195 195.9 197.4 198.3 199.4 200.6 201.6 201.4 201.2 201.7 201.7
199.4 199.6 196.7 193.6 193.1 193.4 193.6 194.7 196.9 198.1 198.9 200.8 202.1 204 205.8 207.2 210.7 214.9 218.2 219.5 221.4 222.3 225.4 229.2 233.3 236.6 235 239.4 239.3 240.6 241 244.2 240.7 240.9 240.5 242 242.6 242.7 241.6 239.4 235.4 229.9 224.6 221.5 220.5 219.7 217.4 216.9 216.3 213.8 211.5 208.9 206.3 204.7 202.6 200.7 200.3 198.6 197.4 195.6 194.5 194.4 194.3 194.1 194.3 194.3 194.2 193.9 193.7 194.5 195.5 195.8 196.9 198.1 198.8 199.4 199.6 199.5 199.7
201 200.5 198.5 195.8 192.6 192 192.4 192.6 194.5 196.5 196.7 197.4 197.8 199.9 202 203.8 205.3 206.7 211.5 214.5 216.1 218.5 221.5 217.4 228.7 233.1 232.6 234.8 236.7 235 235.1 235.4 236.9 238 238.9 238.6 237.4 236.4 235.8 235.1 233.8 229.9 226.9 223.8 221.8 223.1 224.4 223.8 219.5 216.6 215 212.5 209.2 207.5 206.2 203.7 202.2 199.9 198.4 197.7 195.8 195.9 195.6 195.1 195.2 195.5 195.9 195.2 194.4 193.9 194 194.8 195 196.1 197.9 198.4 197.5 197.4 197.5
203.1 201.8 199.6 197.7 194.5 192.4 190.2 190.3 190.8 192.2 193.5 194 194.1 196.2 198.4 200.5 202.1 202.9 205.6 207.9 210.6 212.8 210.7 221.8 223.8 226.3 229.6 234.6 236.2 237 233.8 233.2 234.4 235.2 235.3 235 235.2 233.2 232.1 231.4 230.8 228.2 224.8 223.3 222 222.1 225 226.2 225.2 223.1 220.4 217.2 214.5 213.6 211.2 209.7 207.6 206.4 204.6 202.7 201.3 199.7 199 198.1 197.5 197.4 197.2 196.7 195.9 195.7 195.3 193.2 195 195.7 196.3 196.3 195.6 195.5 195.4
204.4 203.9 201.9 198.3 195.8 193.3 190.8 189.2 188.3 188.1 189.2 190.1 190.4 192.1 194 196.3 198.6 199.8 200.9 202.1 205.6 207.7 210.9 214.6 216.5 221.9 230.1 236.6 232.1 230.5 230.5 229.5 232.2 233.6 231.9 229.8 228.3 227.4 226.4 225.7 225.7 223.5 220.4 219.8 218.7 219.2 221.5 223.7 224.3 222.1 220.6 218.5 216 214.5 213 210.6 209.3 207.1 205.3 203.8 202.4 201 199.5 198.4 197.9 197.3 196.4 195.4 194.7 193.8 193.7 192.8 194.3 194.2 194.5 194.3 193.7 192.9 191.9
