data/NO33.asc
ncols 200
nrows 200
xllcorner 330000
yllcorner 730000
cellsize 50
[rows 70 to 104 of 200, columns 0 to 78 of 200]
168.8 169.5 170.5 170.5 170.1 168.3 167.7 167.8 167.3 167 165.9 164.5 164.5 163.5 163.5 164.4 164 163.1 159.4 159.2 157.6 156.9 156.8 158 159.1 158.8 158.4 158.7 157.2 157 160.3 163.5 167.3 168.3 167.4 168.2 172.9 177.1 176.8 177.2 174.6 173.4 171.2 169.6 167.9 165.6 162.3 159.9 156.1 152.8 149.6 148.3 147.8 146.6 144.5 142.1 139.6 136.6 134.5 133.1 130.6 128.3 126.8 127.4 127.1 124.7 123.9 124.4 122.9 125.9 127.2 129.2 127.9 129.4 133.5 134.5 136.2 139.8 140.1
165.5 164.6 165.3 166 167.9 166.6 166.4 166.4 166 166.4 165.4 163.9 163.9 163.5 163.7 163.2 163 161.5 161.1 161.9 159.3 158 158.6 160.8 162.6 162.2 162 162.5 162.1 162.6 164.6 170.3 174.2 175.8 174.7 175.7 179.3 179.8 180.6 179.5 179.9 177.9 174.7 173.1 171 169.1 167.2 165.3 162.5 160.7 158.5 154.4 154 151.5 149.2 146.8 144.5 142.1 140.6 138.6 135.9 133.1 131.3 131.8 129.8 129 127.7 126.7 126.3 125.2 123.9 121.5 127.4 127.6 133 134.9 135.8 138.6 140.1
161.6 162.4 163.6 163.6 164.3 164.3 165.1 165 165.5 166.5 167.1 166.2 165.7 165.1 163.2 162.6 161.7 162.3 164.9 169.9 164 159.7 162.3 164.5 166 165.6 165.5 165.5 165.2 164.8 167.4 173.9 178.7 180.2 179.7 180.7 181.4 182.3 183.4 181.9 179.9 179.1 176.9 175.6 173.6 172.1 169.8 167.6 165.4 164.5 163.4 160.7 158.5 156.2 153.9 151.5 149.2 146.9 144.5 142.4 140.2 138 136.7 134.7 132.9 132.6 133.1 132.3 131.5 130.6 128.2 127.1 122.3 129.3 131.5 132.3 135.4 137.7 139.8
160.1 161.7 162.9 164.2 164.6 164.3 166.3 172.6 170.3 169.1 169.7 169.7 170.5 169.4 167.5 166 165.1 165.3 169.4 172.8 171.5 168.5 166.2 168.1 169.5 168.9 169 168.5 168.2 168.1 169.6 176.3 180 180.8 181.5 181.5 181.6 183 185 183.4 181.7 179.4 177.6 176.2 175.1 173.9 172.2 170.2 168.3 166.5 165.3 163.7 162.2 159.8 157.3 154.9 152.4 150 148.7 146.7 144.1 142.2 140.6 138.5 136.2 134.9 134.8 134.8 134.5 134 131.1 127.1 122.7 128.7 130.1 130.8 133.8 136 139
159.9 159.7 161.2 162.8 163.6 163.3 167.2 172.8 175.9 176.5 173.7 172.6 171.1 172 173.1 170.8 169.3 169.5 168.7 169.1 172.6 173.1 173.2 171.7 172.9 172.2 172 171.6 171.7 171.7 174.1 179.5 178.2 178.2 178.9 180.1 181 181.1 181.8 181.8 181.7 180.3 178.3 176.9 175.6 174.8 173.8 171.7 170.1 168.7 167.6 165.7 164.7 162.9 160.5 158 155.6 154 153 151.7 149.9 147.5 145.2 142.7 140.6 139 137.7 135.8 135.6 135.5 134.7 131.3 122.7 127.2 130.3 132.2 132.6 135.1 136.1
159.6 159.3 159.8 161.9 161.6 162.3 166.3 169.3 172.3 175.4 176.3 176 173.6 174.1 175 173 174.4 174.8 172.6 170.5 170 171.2 172.7 173.8 175.1 175.5 175 174.8 173.8 173.4 176.1 178.4 178.4 177.9 177.5 177.5 178.5 179.7 180.7 180.4 179.7 178.5 177.4 177.2 176.8 175.7 174.9 173.1 171.7 170.4 170.2 168 166.8 164.8 163.6 161.1 159.3 158 157 155.8 153.5 151.5 149.6 147.1 144.6 143 141.4 138.6 137.5 136.5 135.2 134.3 131 127.7 121.2 125.9 131.9 132.8 133.9
159.2 158.9 161.1 161.4 161.1 161.5 164.1 167.1 170.1 171.6 172.8 173 173.4 177.2 178.6 177.1 181.3 180 181.8 177.2 175 173.6 172 170.7 171.5 174 175 176 175.5 174.3 176.4 177.8 176.5 177 176.3 175.6 176.3 177 177.6 178.3 178.1 176.7 175.5 176.6 176.4 176.3 175.7 174.4 172.9 171 170 168.6 168.2 167.1 165.5 164.5 162.2 161.7 160.3 158.8 157.1 154.8 153 150.5 148.4 146.3 144.8 143.1 141 138.8 136.2 134.9 132.2 128.7 123.4 121 131.1 131.3 132.2
159 158.7 158.7 159.6 160.6 160.7 162.6 166 170.5 169.3 169.4 169.6 172.6 179.9 179.3 180.1 184.4 184 184 185.1 182.9 180.6 178.5 175.6 173.8 172 171.1 173 174.7 175.7 175.6 175.8 175.5 175.8 175 174.2 173.6 173.6 174.2 174.6 174.7 174.4 174 174.9 174.6 174.7 174.4 173.3 172.5 171.5 169.3 168.2 167.1 166.3 165.6 164.5 163.5 162.9 161.4 160.2 158.8 157.6 155.8 153.2 150.6 148.6 148.1 145.9 143.3 140.6 137.9 134 132.1 128.5 123.9 120.4 131.8 130.8 129
158.6 158.7 158.3 158.8 158.8 159.4 160.8 164.8 169.1 173.4 169.4 169 172.7 180 181.2 181.5 182.9 183.2 183.7 184.5 185.1 185.7 184.9 183.3 182.1 178.6 176.2 173.9 172.6 172.7 173.1 174.3 173.8 173.4 173 171.8 170.7 170.4 170.1 169.9 169.8 169.8 170.3 172.2 172.4 172.5 171.8 171.4 171.3 171 168.7 167.5 166 164.8 164 163.7 162.9 162 161.1 160 159.1 157.5 155.8 154.4 152 149.6 148.6 146.2 144.4 142.3 139.3 136.3 135.4 129 124.5 119 130.1 129.5 128.7
160 158.8 158.7 158.1 158.8 158 158.8 160.7 163.3 167.7 170.7 171.1 174.1 176.1 178.7 180.1 180.4 181.4 181.8 182.5 182.4 183.2 183.8 184.1 183.8 183.3 181.4 179.5 178.8 177.6 176 174.3 172.1 170.8 171.1 168.9 168.6 167.1 166.4 166.2 166.2 166.1 166.1 168 168.1 168.5 169.1 169.6 169.7 169.5 168 167 165 163.5 162.5 162.7 161.6 160 159.5 159 158.1 156.6 154.9 154.3 152.6 151.4 149.1 146.5 144.8 141.4 138.4 136.8 134.6 129.9 126.6 118.8 118.8 123.3 123.8
160.9 159.7 159.3 158.5 157.8 156.7 158.2 158.3 159.4 161.2 164.9 166.7 170.4 171.3 173.1 174.3 175.5 177.7 179.2 179.6 179.5 180 180.6 180.9 181.8 182.2 182.4 180.6 180.9 179.4 178.3 176.6 174.5 171.8 169.8 167.9 166.1 164.1 163.7 162.6 162.5 162.4 162.4 163.7 163.8 164.2 165.1 165.9 166.7 166.7 166.4 166 164.2 162.4 161.4 161.1 159.2 158.1 157 157 155.9 154.7 154.3 153.1 151.5 150.3 149 146.6 144 139.6 136.8 135.7 134.9 130.8 126.7 123.8 117.6 117.6 117.8
163.6 163.8 161.9 160.6 159.4 159.2 157.6 157.2 158.5 158.8 159.9 161.2 165.1 166.5 168.6 169.4 170.6 172.5 174.2 175 175.9 176.4 177.4 177.5 178.1 178.6 178.8 178.9 179.6 180 178.7 177.3 175.6 173.8 171.8 168.7 166.8 165.4 163.1 161.2 159.2 158.7 158.6 158.8 159.8 159.8 160.7 161.3 162 162.8 161.7 162.8 161.9 160.1 159.4 157.9 157.1 156.5 155.6 154.6 153.3 152.2 151.4 150.4 150 148.8 148 146.1 144.4 139.7 136.5 135.6 134 133.6 129.3 126.5 123.9 120.8 116.9
166 166.9 166 165.6 163.9 161.9 159.9 159.1 158.4 156.5 157.6 159.5 161.1 162.8 165.2 166.1 167.4 169.8 170.5 172 173.1 172.4 172.5 173.1 174.8 175.3 175 175.1 175.9 177.4 177.3 176.7 174.9 173.5 172.2 170.6 168.1 166.1 163.9 161.8 160.2 158.6 156.6 155.7 152.9 152.3 156.1 156.4 155.8 156.3 156.8 157.6 157.4 157.3 156.1 155.3 154.7 154.7 153.8 152.7 151.2 149.8 149.1 148.4 147.6 146.7 145.5 144.3 142.4 139.2 136.1 135.3 133.6 132.7 129.1 128.9 126.2 123.8 122.5
167.2 168.4 167 166.7 165.1 164.7 163.7 162.9 161.2 159.6 158.8 156.7 157.7 160.3 161 161.8 164.2 165.3 169.2 173 173.4 171.8 170.3 170 170.3 171.1 170.9 171 172.1 174 174.2 174 173.3 172.5 171.1 168.7 167.6 166 164.2 162.7 161.1 159.4 157.2 155.3 151.8 151.8 151.8 151.1 151 151.5 152.4 152.4 152.9 152.5 152.6 151.8 152.1 152.2 151.4 150.4 149.5 148.5 147.6 145.9 144.9 144 142.3 141.6 140.4 137.7 134.1 132.6 132.2 130.6 129.1 126.5 126.1 124.1 123.7
166.9 167.9 167.5 167 166.2 166.5 166.4 165.9 165 163.8 162.1 160.4 159.5 157.2 160.4 160.9 161.5 161.8 165.4 170.9 173.9 173.5 172.4 171.3 169.5 170.4 168.3 166.8 167.7 168.5 170.1 170.4 170.2 169.1 168.4 167.2 165.2 163.1 162 160.5 159.2 158 156.7 155.2 153.7 152.2 152.2 148.1 147 146.7 147.7 147.9 148.3 147.4 146.7 147.3 146.8 147.5 148.1 148 146.9 145.5 145.8 144.4 144 142.6 141.1 138.4 137.9 135.8 132.3 130.6 129.6 128.2 128.2 125.7 124.7 123.7 123.4
169.5 168 166.6 166.8 166.2 166.1 165.9 165.8 166.7 166.2 166.5 164.8 162.3 161.4 160 159.2 160 159.8 160.1 163.1 166.9 168.4 169.6 170.8 171.6 170.9 169.5 167.7 165.2 162.6 163.2 164.8 164.2 164.4 164.1 163.3 161.8 160.2 158.5 157.9 156.4 156.5 156.1 153.1 152 151 149.3 148.4 146.6 144.8 143.2 143.2 143.7 143 142.7 141.7 141.4 141.7 143.1 143.1 142.5 141.6 141.5 141.7 141.2 139.9 139.2 138 135.8 133.7 130.6 128.6 127.7 125.6 126.2 126.3 124.6 123 122.3
172.9 171.4 168.8 167.7 167.1 166 165.7 165.4 165.9 166.7 166.8 165.9 165.6 165.2 163.3 161.3 159.7 159.1 157.6 157.6 160.4 162 164.6 166.4 167.2 167.2 167.2 166.8 166.1 164.7 160.7 158.3 158.1 158.4 158.4 158.8 157.7 156.4 155 153.9 152.7 152 152.1 150.1 149.2 148.5 147.7 146.8 145.8 144.4 142.8 141.7 140.9 139.9 139.4 138.9 137.7 137.3 137.7 137.3 136.8 136.7 137.3 137 136.8 137 136.3 135.3 133.3 132.2 131.4 128.9 126 123.7 123.3 124.2 124.5 121.9 121.7
177.4 175.9 173.5 171 169.9 167.9 166.5 166 165.7 166 165.7 165.9 167.2 166.1 163.7 165.9 163.3 161.1 160.1 158.5 154.1 156.4 158.7 161.1 162.2 163.1 163.3 163.4 163.1 161.6 159.7 157.6 155.3 154.8 153 152.4 152.5 152.2 151.4 150.1 148.8 149.1 148.5 146.8 145.4 144.8 144.1 143.6 142.8 141.8 141.2 139.6 137.3 137.4 137 136.3 134.1 134.2 133.8 132.4 131.4 131 131.9 132.2 132 132.1 132.5 132.2 130.2 129.5 129.3 128.4 125.9 122.2 120.6 121 121.4 121.6 121.8
181.4 180.2 178.7 176.3 174.5 170.6 169.2 168.6 167.3 167.2 165.7 165.5 166.3 164.9 165.4 166.4 165.2 164.2 164.6 161.2 158.7 157.9 152.8 150.5 153.4 154.3 157.2 159.3 158.3 157.8 156.3 154.6 152.1 152.1 150.3 148.6 146.9 145.5 145.3 145.1 143.7 143 142.9 142.3 141.1 141.4 140.2 139.7 139.5 139 138.3 136.8 134.6 134.6 134.5 134.1 132.3 131.4 129.8 128.5 127.6 127 126.4 126.9 126.9 126.8 127.5 128.1 127.2 125.7 125.6 124.6 123.4 121.5 119.3 118 118.8 119.4 118.2
181.5 181.2 180.4 180.7 177.2 173.2 172 171.1 169.7 170.8 170.7 168 166.5 165.5 166 166.1 166.1 167.2 165.5 163.9 163.1 161.7 158.8 156 151.8 145.4 148.4 150.4 150.5 151.2 150.8 150.8 149.3 147.3 147.7 146 144.5 143.2 141.7 140.8 139.5 138.8 138.5 136.9 136 136.7 136.2 134.4 134.5 134.5 134.4 133.4 131.6 129.9 130.2 129.4 130.6 128.8 127.8 125.8 124.2 123 122.1 121.5 121.5 121.6 121.4 121.8 122.8 121.6 121.8 121.4 119.9 118.8 117.4 117 115.2 114.8 115.2
183.2 182.3 181 181 179.8 175.9 174.7 173.4 172.2 173.6 176.1 174.8 172 171 169.7 167.6 167.3 166 166.8 167.8 167.6 166.5 164.8 161.5 158.1 154.7 150.7 145 141.5 141.3 143.4 144.1 143.9 142.4 143.3 142.9 141.7 140.5 139.2 137.9 136.6 136 135.3 134.3 132.3 131 130.9 130.9 130.5 129.5 129.3 128.8 128.6 127.5 126.3 124.9 124.8 125.1 123.8 123.2 120.2 119 118 116.4 116 115.9 115.7 115.4 115.3 115.9 115.8 116.3 115.8 114.7 115.5 115.5 113.6 112.2 113.1
186 183.9 182.4 181.2 181 178.6 177 175.7 174.8 176.4 178.9 178.5 176.3 176.1 174.9 172.5 170.5 168.9 168.3 168.6 169.5 168.7 167.5 164.3 163.3 161.4 157.1 154.3 152.2 147.9 142.6 137.5 138.3 138.2 138.6 137.2 137.8 136.2 135.7 134.4 133.1 133.1 132 131.4 130.7 130 128.5 128.2 127.7 126.8 125.8 126.1 125.8 124.7 124.6 123.2 121.4 119.4 118.1 116.6 115.6 115 114.5 113.8 113.3 112.8 112.3 111.9 112 112 110 110.4 110.9 110.2 112.7 112.5 112.1 110.7 110.9
190.4 187.7 187.2 183.1 182.1 180.9 180.1 178.1 177.4 179 180.2 179.7 179.4 178.7 176.9 175.6 174.6 173 172 171.4 170 167.6 167.2 165.4 165.4 163 159.8 159.6 157.4 153.7 149.8 147.1 142.9 138.6 135.8 135.5 135.1 134.4 133.2 132.1 131.3 130.4 128.9 127.9 128.7 128.3 127.6 125.4 124.7 122.9 122.2 122.2 122.6 122.1 123.1 123.3 121.9 118 116.9 115.7 114.8 114 113.5 113.3 112.5 112 111.3 110.5 110.4 111.4 109.3 110.2 109 108.9 108.5 108.9 109.8 109.2 108.9
192.9 191.9 190.8 188.8 185.7 183.9 182.8 180.8 180.2 179.8 178.8 179 179.5 179.2 178.5 178.1 177.4 175.6 174.4 173.2 171.6 170.8 169.1 166.6 165.5 163.2 161.9 160.4 158.5 156.5 152.5 150.5 146.8 143 140.6 136.2 132.9 133 131.9 131.1 130.2 129.6 128.7 127 126.3 125.5 124.9 123.5 122.8 122.2 123.1 122.6 121 120.5 118.9 118.8 118.6 117.1 117.8 116.8 114.9 114.3 113.4 112.7 112 112.3 111 111.1 110.9 111.2 109.7 111 108.8 108.5 108.4 108.2 107.9 107.5 106.8
193.4 192.3 191.8 191.2 190.9 189.9 187.2 184.7 182.8 181 180.7 180.6 179.8 179.3 178.7 178.6 177.2 177.2 176.8 175.9 174.2 174.3 173.4 171.1 168.4 164.6 163.7 161.9 159.7 157.8 155.2 152.7 148.4 147.1 143.2 138.9 136.4 134.3 133 130.7 128.9 128.7 128.3 127.6 125.8 125.7 124.7 125.1 124.1 124.3 125.6 125 122.7 122.2 121 119.6 116.6 116 116.4 115.2 114.3 114.8 116 115.7 115 113.7 112.9 111.8 111.2 111.7 109.7 109 109 108.9 108.1 108 107.6 107.4 107.1
192 191.6 191.6 190.8 191.1 191 190.6 188.3 186.6 184.9 184.6 184.1 183.8 181.2 180.6 180.4 179.6 179.1 178.4 177.3 177.3 177.2 176.7 175.5 172.7 169.4 168 165.3 162 159.1 156.7 152.8 150.9 148.3 145.7 143.8 140.2 139.1 136 134.6 132.9 131 129.7 128.4 128.2 128.1 127 125.6 125 124.4 124.7 123.8 123.8 123.4 124.1 123.5 121.7 117.4 117.8 116.8 118.3 118.3 118 117.3 116.1 115.3 114.9 113.8 112.1 112 112.4 109.7 109.4 109.3 108.4 107.8 107.6 107.3 107
187.3 187.7 188.6 190.2 190.8 191.2 190.3 189.5 189.4 188.2 186.9 187.1 185.7 184.4 182.7 182.5 181.8 180.8 180.2 180.5 180.1 179.8 179.2 177.4 174 172.4 171.3 169.7 166.8 163 160.6 155.8 153.4 151.1 148 144.5 143.3 140.7 137.5 137.7 136.3 134.3 133.4 132.3 131.3 129.6 130.1 129.2 128.3 127.3 125.6 125.6 125.6 124.9 123.7 123.9 123.4 122.7 122.5 121.8 121.5 121.1 120.1 119.1 118 117.6 117.1 115.9 114.4 113.1 114.3 110.7 110.1 109.2 109.4 108.5 108.2 107.6 107.2
182.6 184.1 185.1 186.4 187.4 187.4 188.2 188.9 188.8 188.8 188.5 187.8 186.4 185.6 183.7 183.4 183.5 182.6 182.5 182.5 182.8 183.1 180.9 177.9 176.4 173.5 171.9 170.6 167.6 166 165.2 160.8 158.6 156.5 153.6 149.2 146.4 142.5 139.9 139.4 138.8 137.4 134.7 134.3 133.3 133.1 131.7 130.3 129.1 129.2 130.1 129.9 129.8 128.9 128.1 128.8 127.8 125.9 124.5 124.4 123.8 123.1 122.3 121.5 120.6 119.7 118.9 117.9 117.3 115.9 115.3 113.1 112 111.4 110.9 110.9 110 109.7 108.5
180.5 180 180.3 183.9 184.9 184.2 184.2 184.4 184 186.2 186.7 186.4 186.6 186.4 185.1 184.7 185.6 184.4 184.3 184.3 184.3 184.3 181.6 179.2 177.9 174.5 172.4 169.8 168.6 168.1 167.3 164.3 162.3 160.6 158.4 156.6 155.6 147 147.7 145.6 144.4 143.5 141.9 139.7 138.1 135.5 134.4 134.1 134 134.2 133.5 133.4 133.1 132.7 132.7 132.8 132.1 130.5 129.2 127.8 127.4 126.2 124.9 123.6 122.9 121.6 120.8 120 119.2 117.8 117.2 115.8 114.4 113.5 113 112.5 111.8 111.3 110.9
179.1 178.6 178.5 179 178.8 178.7 180.8 180.8 179.9 181.7 183.1 184.4 184.9 185.3 184.8 185.3 186.4 186.5 185.5 185.1 184.7 184.3 184 180.6 179.3 177.2 173.9 173 170.5 168.6 167.2 166.6 164.9 164.1 162.8 161.5 159.1 154 156.8 155.5 153 150.7 148.3 145.9 143.4 141.5 140.3 138.4 137.8 137.2 136.4 135.9 135.4 134.5 134.6 134.6 134.3 133.4 132.8 131.5 130.3 129.2 127.9 126.2 125.5 124.2 122.7 121.9 120.5 119.5 119.1 118.6 117 116 115.6 115.1 114.4 113.8 113.6
178.7 178.1 178.4 177.3 176.4 176.3 176.6 177.8 177 178.9 179.2 179.7 180.7 181.3 182.8 183.7 184.6 185.3 188 187.5 188.7 188.8 188.1 183.1 183.1 180.9 176.7 175.6 174.7 172.4 170.5 168.5 167.5 167.1 166.4 164.5 163.1 159.6 163.2 161.3 158.6 157 154.5 152.1 150.9 146.7 146.7 145.2 144 142.3 140.3 138.8 137.9 136.7 135.9 135.4 135.2 134.3 133.7 132.9 132 131.1 130 128.5 127.6 126 125.1 123.8 122.3 121.4 120.4 119.8 119.4 118.7 118.3 117.7 117.1 116.6 116.3
177.3 177.6 176.8 176.1 175.5 175.6 175.7 176.3 176.6 177.6 178.9 179.6 179.1 179.2 178.7 181.1 181.4 182.7 183.1 188.5 190.2 190.4 187.1 184.3 184.2 181.3 179.6 178.5 177 175 173.3 172.5 171.7 170.4 169 168.6 167.4 166.1 165.8 166 164.1 161.9 160.4 158.8 157.4 153.8 152.9 151.7 150.1 149.1 148.4 146.1 144 141.7 139.4 137.6 136.3 134.6 133.5 132.9 132.4 131.6 130.7 129.6 128.9 127.7 126.5 125.7 124.9 123.7 122.5 121.1 120.5 120.1 119.8 119.7 119.8 119.3 119.1
176.3 176.1 174.8 174.3 174.2 173.6 174.8 174.2 175.2 175.9 175.8 177.1 177.6 177.9 178.1 180.4 180.7 180.6 185.3 188.1 189 187.5 186.7 184.8 184.4 181.8 180.1 179 177.2 175.7 174.9 174.9 174.6 174.2 173.4 172.1 170.9 169.4 166.8 166.1 166.3 165.2 163.9 162.4 160.7 159.5 158.9 157.3 155.9 154.8 153.5 152 150 148.2 146.3 144.3 142.5 140 138.1 136.5 135.1 133.7 131.6 130.6 129.7 128.8 127.8 126.9 126 124.7 123.5 122.5 121.9 121.5 121 120.8 120.6 120.6 120.2
173.4 173.3 173.3 173.9 172.9 173.2 173.6 174.6 175.3 174.6 175.6 175.2 175.4 175.8 178.3 179.5 178.4 179.6 181.4 184.9 187.3 187.4 186.2 184.7 183.1 180.4 178.6 178.1 177.2 175.9 176.3 175.7 175.2 174.4 175.5 175.5 175.3 174.2 171.2 170.5 171.1 169 167.1 164.7 163.6 164.3 162.8 161.4 159.7 158.7 157.4 156.5 154.8 153.6 151.2 149.1 147.6 145.4 143.2 141.7 139.8 137.8 136 133.9 132.1 130.3 129 128.1 127 125.7 124.6 123.8 123.5 122.7 122.1 121.8 121.4 122 121.8
172.4 172.4 172.4 172.4 172.4 172.4 172.4 173.5 174.2 174.7 175.3 173.6 174.6 175.2 176.3 177.3 178.5 178.1 177.9 180.1 181.5 183.8 184.2 183.8 181.1 178.3 176.5 177.1 175.5 175.2 174.5 174.5 176.8 174.1 174.1 176.2 176.5 174.1 175.4 176.8 176.1 174.7 173.2 171.1 169 167.6 166.3 166 164.5 163.6 160.7 159.5 158.2 156.7 154.9 153.5 151.8 150 148.3 146.1 143.8 142.5 139.9 138.2 136.8 134 132.7 130.4 129.4 127.6 126.6 125.3 124.5 123.5 122.8 122.3 121.5 121.3 121.2
