data/NO33.asc
ncols 200
nrows 200
xllcorner 330000
yllcorner 730000
cellsize 50
[rows 70 to 104 of 200, columns 79 to 157 of 200]
142 146.2 147.3 148.5 149.6 148.7 149.4 148.5 147.5 146.4 146.8 148.1 148.2 147.3 146.2 144.6 143.6 141.7 139.7 138 136.4 135.2 134.1 133.7 129.9 129.1 127.4 126 124.2 123 121.2 120.6 119.9 119.9 118.6 119 118.2 116.7 115.4 114.5 115 115.2 117.5 118.9 119.2 118.8 117.9 118.3 118.9 119.5 120.3 121.1 122.3 122 121.5 121.7 122.7 123.4 124.1 125.4 126.7 127.7 128.1 128.9 129.1 129.9 131.1 134.5 132.8 135.1 136.1 139.9 139.7 140.5 141.8 143.5 144.4 145.5 145.9
142.4 145.4 147.1 147.2 147.8 147 147 146.6 145 145.1 146.3 146.5 147.4 145.2 143.9 143 142.8 140.8 139.1 137.4 136.9 136.1 135.5 134.1 131.4 130.8 129 127.9 125.5 125.6 123.9 121.8 120.6 119.7 119 117.9 118.2 116.2 115.8 114.3 115.8 114.5 115.3 118.3 115.3 117.3 118 117.7 118.3 119 119.7 120.3 120.3 120.7 120.8 122.3 123.5 124.6 125.9 128.2 129.6 129.4 131 130.7 131.3 132.1 132 131.8 134 135.7 136.8 139.6 141 142.4 143.4 145.6 146.9 147.5 147.5
141.8 144.4 145.6 145.8 145 144.6 145.2 145.1 144.2 144.2 144.4 144.9 147 144.9 143.9 143.1 141.6 140.1 139.4 137.6 136.8 135.3 135.3 132.7 131.4 129.8 128.3 126.9 126.8 125.8 124.3 122 120.6 120.2 119.1 117.5 117.3 115.9 115.5 114 113.1 113.3 113.9 113 117.7 119.4 119.3 119.5 119.5 119.5 120.2 119.6 120.7 121 121.9 123.6 124.8 126.7 127.4 129.5 130 130 130.4 130.6 131.2 131.8 131.2 132.5 133.6 135.7 137.3 139.2 140.7 143.1 144.8 146.3 147.5 148 147.5
140.5 142.2 143.1 144 143.6 143.2 143 141.4 140.1 141 141.7 141.4 142.8 142.5 142.4 141.6 140.3 139.7 137.7 136.4 136.1 134.5 133.9 130.7 130 129.6 128.9 126.6 126.8 125.6 124.5 121.9 120.6 119.9 118.7 117.6 115.1 115.4 116 115.3 113.1 112.1 110 114.3 116.7 119.5 120.1 120.3 120.8 120.4 119.5 119.5 120.7 121.2 121.6 123.2 124.9 126.3 127.9 128.3 128.9 129.1 128.8 130 131.3 131.8 129.5 132.4 133.5 135.3 136.8 138.3 139.5 141.9 144.3 145.7 146.7 147.6 147.7
138.8 139.9 140.8 141.7 142 142.8 141.3 140.2 140.2 138.5 138.8 138.2 139.6 138.5 138.6 138.5 138.1 137.1 135.5 134.4 133.6 132.7 130.6 129.8 129.3 130.3 128.5 126.3 125.3 124.1 123.1 121.4 120.6 119.6 118.3 117 115.3 114 114.9 113.9 113.7 110.1 109.3 113.1 114.6 115.1 116.8 118.1 118.3 118.6 118.1 119.5 120.2 120.6 121.1 122.4 124 124.8 126.2 126.4 127.4 128.4 129.2 129.1 130.7 131.1 129 131.3 132.2 133.6 135 136.8 138.6 140.6 143.8 145.9 147.5 147.7 148.5
135.6 137 138 138.7 139.6 139.5 139.1 138.3 136.8 136.3 136 135.6 135.2 135.3 134.8 134.7 134.1 133.2 132.4 132.1 131.4 129.4 128.5 127.2 127.1 126.7 125.4 124.4 123 123.3 121.9 120.1 119.4 117.8 116.1 114.8 114 112.1 113.3 112.8 112.3 109.9 107.2 112.1 112.8 112.3 112.3 115.7 116.4 116.2 114.5 117.6 118.5 119.1 119.4 120 121.6 123.8 125.1 124.3 125.1 125.9 126.2 126.8 128.9 128.8 127.6 129.8 130.4 131.4 133.4 135.3 138.2 141.4 144.4 146.9 148.7 149.4 150.3
132.3 133.9 134 134.5 134.2 135.5 135 134.4 133.6 133.4 133.2 132.3 131.4 131.6 130.3 130.2 130.1 129.6 128.9 128.6 126.3 126.2 125.1 124.1 123.1 122.7 122.5 120.5 119.4 119.3 118.3 116.7 116.8 116 114.9 113.2 110.1 111.3 112.4 111.5 110.6 109.3 105.4 110.9 111.1 110 110.1 111.5 113.4 113.6 113.2 114.2 116.4 117.3 118 117 119.1 119.5 120.3 121.1 121.3 122.6 123 124 126 123.8 127.4 128.5 127.7 130.7 132.8 134.6 138 142.2 144.9 148.2 151 153 154.1
129.9 130.2 130.8 131 131 131 131 131.6 131 130.4 130.2 129.1 128.2 127.8 127.4 125.9 125.5 125.3 125.5 123.3 120.8 120.9 120.7 119.8 119.4 119.4 118.3 117.3 116.1 115.4 114.4 113.4 112.6 112.1 111.8 108.9 108.7 109.3 109.6 110.8 109.2 108.6 104.5 109 108.4 108 108.9 109.4 110 109.7 111.3 113 114.4 114.6 114.6 115.6 116.9 116.6 116.7 117.4 117.9 118.9 120.4 121.3 121.6 121.4 125.2 126.7 125.7 129.3 131.5 133.5 137 142.1 147.7 151.8 154.7 158 159.5
128.4 127.7 127.6 128.1 127.6 127.9 127.4 128.1 128 127.5 127.1 125.4 125.2 125.3 125.3 123.3 122.7 121.5 120.3 119.2 117.1 116.9 117.4 116 116.1 114.9 114.2 113 112.3 111.3 110.5 109.7 109.6 108.8 108 107.2 107.5 107.7 108.1 109.6 108.1 105.9 103.6 106.2 106.6 106.5 106.3 107 106.5 106.5 107.3 108.8 111.1 110.8 111.1 112.9 113.9 114.1 113.4 113.9 114.5 116.4 118.1 119.5 117.5 120.8 121.7 124.6 123.2 126.6 129.7 133.7 139.5 146 153.1 155.2 157.8 160.7 161.9
124 124.6 125.4 125.8 124.7 123.7 124.9 124.9 124.8 124.2 124 122.8 123.3 122.1 122.1 120.7 119.8 119.5 119.4 117.8 116.8 115.8 113.4 112.9 111.3 109.1 108.8 109.9 108.6 108.3 107.1 108 107.5 106.5 105.3 105 105.8 106.4 106.9 110.3 107.7 105.6 102.9 105.6 105 104.9 104.3 103.9 104.1 104.6 106 105.6 105.6 106.5 108 108.5 109.7 110.7 110.8 111.8 112.1 113.2 114.5 115.1 114.8 118.3 118.6 122.3 122.6 123 127.1 130.7 137.2 141 148.4 152.6 156.9 159.2 159.1
118.5 119.9 124 122.7 122.8 123.9 121 121.5 121.3 120.7 119.3 119.8 121.2 120.9 120.5 121.1 117 116.8 116.8 115.2 114.8 113.4 109.9 112.2 112 109.9 109.4 107.1 108.6 109.3 107.9 105.4 105.3 104.9 103.3 103.5 103.8 104.4 107.5 110 109.5 109.6 109.7 107.8 104.2 103.1 102.9 102.3 102.1 102.3 103.3 103.5 104.8 103.5 103.9 105.7 107.2 108 108.4 108.9 109.9 110.4 110.8 110.8 110.4 112.9 115.1 117.5 118.1 120 122.7 127.4 126.7 131.5 135.7 139.2 142.4 147.4 150.3
118.1 118.3 117.2 120.4 120.9 120.7 120 119.1 118.4 117.5 116.4 116.4 117.2 118.8 119 116.1 115.1 115.1 115.4 114.2 113.1 111.9 109.3 108.2 107.7 107.5 106.5 106.4 105.9 106.7 106.3 106.3 102.2 103.2 101 103.4 103.8 102.7 107 108.9 110.4 111.8 111.5 109 102.2 99.1 99.5 101 101.2 101.2 99.8 101.1 103 101.1 99.6 101 102.4 103.9 106.2 107.4 107.6 107.5 107.8 107.9 108.5 109.2 111.1 111.1 112.8 113.9 117.7 121.1 123.9 126.3 130.1 131.6 134.4 137.1 138.8
118.7 115.9 115.9 117 118.8 119.5 119.4 118.3 117.3 117 116.2 115.6 114.9 114.9 115.5 115.5 114.6 114.8 112.6 112.1 110.6 109.4 108.3 107.6 107 106 104.8 104.6 104.8 105.4 105 102.3 100.7 99.8 99 98.9 102.2 102.5 105.9 108.2 110.8 111.3 110.4 106.8 101.1 98.5 98.5 98.5 99.4 100.7 98 99.5 100 96.8 98.9 99.8 99.9 99.9 101.9 101.6 104.2 104.6 105.3 106.1 105.4 105.7 108.3 108.8 110.1 109.6 112 114.4 116.7 119.2 123.2 125.7 127.7 130 131.6
122.4 121.1 122.5 122.3 117.8 116.1 116.7 117.3 117.3 117.4 116.5 115.6 115.3 116.2 116.5 114 112.9 112.6 111.6 110.9 110.1 109 108.1 107.4 106.8 105.7 104.1 103.7 104.4 102.6 103.1 100.7 99.5 98.7 98.1 98 99.7 99.6 101.7 103.6 106.5 108.8 108.5 103.9 99.2 97.8 97.8 97.7 97.7 98 98 96.6 95.8 95.6 96.1 98.8 99 99.1 98.7 96.8 98.4 101.1 102.6 102.7 102.7 102.1 104.3 106.7 107.4 109 108 110.4 112.2 114.2 116.5 119.5 121.8 124.4 126.4
122.8 121.8 122.4 122.1 120.7 119.6 115.8 114.8 116.5 116.4 116.3 116.5 116.3 116.1 115.8 113.5 111.7 111.4 110.6 109.8 109.2 109 108.5 107.9 106.4 104.8 103.5 103.5 102 101.5 100.7 98.8 97.4 97.1 97 97.6 98.1 97.6 98.2 97.3 101.8 104.1 105.3 102.4 97.4 97 97 96.9 96.9 96.8 97.2 96.8 94.7 94 95.1 97.1 96.6 96.7 97.2 95.5 94.7 96.2 99.5 100 100.9 100.9 100.7 101.9 102.9 104.6 105.8 106.1 107.7 109.7 111.6 114 117 119.5 121.6
123.9 120.4 120.9 121.6 120 119 117.1 116.1 113 115.2 115.3 115.8 114.8 114.7 115 112.6 111.4 110.1 110.1 108.2 108.2 108.1 107.8 105.8 104.6 103.5 101.7 101.7 101.9 101 98.5 97.8 97.4 97 96.6 96.9 97.6 97.2 97.5 96.9 99.4 100.6 101.2 101.1 97.4 96.3 96.2 96.1 96 95.2 95.4 94.6 94.5 93.4 93.9 95 94.7 95.2 94.7 94.1 95.9 93.6 95.3 95.9 98.1 99.4 98.5 99 99.8 101.5 103.8 104.2 105 107.1 107.4 109.3 112.2 115.2 117.7
121.5 119.4 118.1 119.8 119.7 117.4 115.5 114.7 111.6 114.7 115 114.2 113.5 113.3 113.1 111.3 109.4 109.5 108.7 107.1 107.5 108 106.6 104.7 102.8 101.2 100.1 100.9 99.8 98.7 98.6 97.5 97.2 96.8 96.4 96.5 96.4 96.2 96.2 96.2 95.7 97.6 97.9 99.7 99.5 97.5 95.8 95.1 94.5 94.2 93.7 93.5 94.1 93.1 93.7 94.4 93.9 92.5 92.6 93.5 94.5 93.1 93.8 93.2 93.9 95.4 94.7 96 97.3 100.3 102.2 103.2 103 104.9 105 105.2 108 110.9 113.8
122.3 120.5 118.3 116.2 116 114.7 113.7 113.1 113.9 111.8 113 113.5 112.1 111.4 109.9 109.3 108.4 107.8 106.6 107.6 107.5 106.6 104.8 103.4 101.4 100.6 100.7 100 99.1 98.2 97.8 97.7 98.5 97.3 97.1 96.5 96.3 95.8 95.7 95.4 95.2 95.8 95.4 94.8 95.3 96 97.8 99.3 99.6 96.3 93.1 93.1 95.7 96.9 94.7 94.1 93.4 92.1 91.9 93.1 93.4 94.2 92.9 91.6 91.7 92.5 91.9 93.1 94.6 99 101.7 101.9 101.9 101.8 102.7 102.5 104.4 107 110.6
118.5 118.9 118.5 116.2 115 114.6 115 112.7 111.1 109.8 110.7 110.5 110 109.7 107.5 107.8 107.1 106.3 105.9 107.3 105.8 105.1 103.8 102.9 101.3 99.9 99.8 99 98.7 98.5 97.9 97.9 97.5 97.1 96.8 97 96.5 96.1 97 95.8 95.4 96.2 98.4 94.5 94.1 93.6 93.8 93.9 94 93.4 93 93.7 96.9 97.2 94 93 93.8 92.8 91.7 92.2 91.6 91.5 91.9 90.2 90.5 90.7 90.7 91.7 93.3 95.5 98.4 98.2 98.4 99.2 100 99.8 101.3 103.9 107.3
116.3 115.6 116.8 116.6 114.9 113.2 113.8 113.4 111.5 109.8 110.9 110.1 109.6 108.8 107.4 107 106.3 106.6 106.2 105.7 104.6 104 103.6 102.7 101.3 100 99.6 99.6 99.1 98.7 98.1 98.2 97.6 97.5 98.3 96.7 96.5 96.5 97.3 97.7 96.5 97.1 98.5 101 97.2 94.5 94.6 94 93.4 93.4 92.6 91.9 91.7 92.4 91.8 91.7 91.5 91.3 91.4 90.7 90.7 89.9 90.8 93.1 90.4 90 89.6 91 90.5 90.6 91.9 92.5 95 96.8 98.7 99 98.5 99.6 103.5
113.7 112.7 113.2 113.4 112.9 112.6 111.8 112 111.7 110.8 108 110.6 110.3 110.6 109 106 105.8 106.7 106.7 106.2 104.9 104.2 103.2 101.8 100.9 100.1 100.1 99.6 99.2 98.2 98.4 98.7 98.4 97.8 97.1 98.3 98 97.9 97 96.3 96.5 99 100.7 101.4 102.7 102 97.9 97.2 97.3 97.3 95.8 95.4 96.2 94.5 93 92.1 91.9 91.2 90.5 90 89.9 90 89.5 90 89.8 90.4 91.5 89.8 90.2 89.6 89.8 90.2 91.2 91.9 94.3 96.6 96.5 97.2 99.2
111.3 110 110.1 110.4 110.9 111.9 111.4 110.5 111.2 110.8 108.8 110.4 110.6 109.8 106.8 105.4 105.4 105.9 106.3 106.1 105.5 104.1 103.6 102.7 100.5 100 99.9 100.6 101.3 100.5 100.2 100.3 99.2 99.1 100 101.2 101.6 102.3 101.6 102.3 101.7 103.6 103.5 103.7 103.2 103.9 102.9 101.7 99.9 99.5 97.5 96.9 98 97.1 95.2 93.4 93.3 93.4 92.4 91 90.6 90 89.3 89.5 89.4 89 88.7 88.8 88.6 89 88.5 89.4 89.4 90.1 91.6 94.1 94.4 94.7 95.9
108 108.3 108.8 107.7 107.7 108.1 108.3 108.5 107.9 107.8 107.3 107.1 108.1 107.1 105.8 105.9 105.5 104.9 105.8 105.6 105.4 104 103.5 103 101.6 100.6 101.1 101.7 102.4 101.9 101.8 102 101.5 100.5 102.5 102.9 103.3 104 104.8 105.8 105.3 106.9 106.7 106.6 105.9 105.8 104.8 103 102.5 102.5 103 100.4 99.9 98.3 98.1 96.5 95.9 94.8 93.7 92.8 92.6 92 91.3 90.2 90 90.2 89.8 89.3 89 88.4 87.6 87.8 89.6 90.7 90.4 92.3 94.2 94.8 95.5
107.1 107.3 107 106.4 106.6 106.4 106.4 107.4 107 106.8 106.5 106.3 106.1 105.8 105.9 105.5 104.7 104.9 104.9 105.1 105.2 105 104 101.9 101.2 102.6 102.2 103 103.6 103.3 104.2 104.2 104.2 103.9 104.6 105 105.6 105.2 106 107.5 107.6 109.2 109.3 109 108.6 108.3 108 107.6 106.8 106 105.2 104.9 103.2 101.9 100.7 99.3 97.9 97.8 98 97.3 96.5 95.4 95.7 94.6 93.1 92.2 91.4 91.6 90.5 89.5 88.6 87.5 87.3 89.6 89.2 89.2 94.7 93.6 93.2
106.5 106.8 106.1 106.4 105.7 106.1 105.6 106 106.8 106 105.8 106.2 106.1 105.5 105.5 105.1 104.3 103.9 103.2 103.9 103.7 103.6 103.3 101.4 103.1 102.7 102.2 103.1 104.6 104.7 104.6 105.5 106.3 106 106.5 107.3 108 108.3 109.2 110.1 110.5 112.1 111.9 112.2 112 111.2 110.9 110.5 110 110.1 109.2 108.5 107.6 107 106.7 105.8 104.2 102.6 101.8 101.8 102 101.7 100.9 98.9 96.4 95.4 94.9 93.2 92.4 91.2 90.3 89.7 88.1 88 88.1 87.1 91.3 92.6 90.1
106.6 106.8 106.1 106.4 106.1 106.3 103.5 105.6 104.6 106.2 106.1 105.8 105 105.3 105 104.7 104 103.6 103.1 103.5 103.4 102.8 102.4 102.1 103.4 103.5 103.2 103.6 104.5 104.6 104.6 105.5 106.4 106.9 107.3 108.6 109.1 109.6 111.5 112.7 113.9 115.2 115.8 116.1 116.1 116.8 116.2 116.7 116.6 116.1 115.4 115.4 115 114.7 114.5 113.6 112.8 112.5 111.6 110.9 110.6 109 108 107.1 105.7 103.6 102.6 100.8 98 98.3 95.6 95.4 95.6 91.5 90.2 93.1 87.6 89.2 88.2
107 107 107.8 107.8 107.2 109 107.6 107.4 107.2 106.5 105.7 104.8 104 103.9 104 103.7 104 103.7 103.9 103.5 103.9 104.1 104 105.1 104.8 104.2 103.8 104.1 104.7 104.3 104.8 105.7 107.2 108.4 108.8 109.6 110.3 111.2 113.5 115.4 117 118.9 120.5 121.4 122.4 123 124.4 125.4 125.3 125.3 126.1 128.6 128.5 130.5 128.9 127.4 127.7 125.9 124.6 122.7 120.9 119.4 117.7 115 113.4 111.5 109.6 107.6 104.9 103.5 101.2 98.8 97.8 93.6 93.9 96.7 95.2 94.5 91.8
108.3 108.5 109.1 109.4 109.4 109.3 110 109.6 109.6 109.4 108 107.3 106.2 105.9 105.4 105.1 105.4 104.8 104.3 104.5 104.9 105.2 105.3 105.4 105.5 105.7 105.7 105.8 105.9 106.3 107 108 109.1 110.3 110.3 111.5 112.6 114.2 116.4 118.5 120.8 123.2 125.2 127.5 128.6 132.8 136.4 138.2 140.5 141.7 144.9 148.2 145.9 145.7 144.1 140.8 138.8 135.9 134.2 131.9 129.7 127.5 125.1 122.8 121.1 118.7 116.6 114 111.6 109.5 107.8 105 102.9 99.4 93 96.5 98.1 96.9 94.3
110.6 110.8 111 111.7 111.6 111.5 111.7 111.5 111.5 111.1 110 109.6 108.5 108 107.6 107.1 106.8 106.6 106.4 106.7 106.9 107 107.2 107.5 107.9 108.3 107.6 107.7 108 109.1 109.7 110.4 110.9 112.2 112.6 114 115.2 116.5 118.2 123.8 125.6 127.1 130.8 133.1 137.4 144.5 148.9 150 150.2 152.7 155.8 155.1 156.1 153.8 152.2 149.1 146.1 143 141.1 138.6 135.3 132.7 130.3 128.1 125.9 123.8 121.6 119.4 117.2 114.8 112.9 110.1 107 105.3 100.7 93.1 96.3 100.1 97.6
112.9 113.1 113.2 113.4 113.8 113.8 113.7 113.4 113.4 113.4 112.8 112.2 111.5 111.2 110.8 109.9 109.9 110 109.5 109.1 109.6 109.5 110.3 110.5 110.4 110.8 110.5 110.5 110.6 111.9 112.3 112.9 113.5 113.9 114.1 115.9 117 118.3 120.6 124.2 126.6 131.3 136.8 139.4 143.2 147.6 151.1 153.2 155.1 156.9 158 157.7 157.8 158.1 156.7 154.5 151 148.2 145.5 142.4 138.8 136.4 134.1 131.7 129.4 127 124.6 122.4 120.4 117.9 115.9 113.7 111 109.1 106.4 101 90.4 95.5 100.8
115.3 115.4 115.5 115.7 116 116 115.7 115.4 115.3 115.4 114.9 114.9 114.4 114.2 114 114.2 114.4 114.4 113.5 113 113.4 113.9 113.9 114.4 114.6 114.4 114.1 114.6 114.7 115.1 115.7 115.8 116.3 117 117.7 118 119.8 121 123.6 126.5 130.5 134.7 138.9 142.7 145.1 149.2 152.4 155.6 159.2 161.7 163.3 163 161 159.9 157.3 154.7 152.7 149.8 146.9 143.8 141 138.1 135.5 133.2 130.7 128.7 126.5 124.6 122.3 120.4 118.1 116.2 113.9 111.7 109.6 106.3 102.1 93.1 91.3
119.1 119 118.8 118.6 118.5 118.2 117.9 117.5 117.4 117.7 117.5 117.3 116.8 117 117.2 117.5 117.7 117.8 117.6 117.9 117.6 118 117.2 117.8 118.3 118 118.3 118.5 118.7 118.4 119.6 119.5 119.1 119.6 120.8 121.2 122.5 123.6 126.1 128.2 131.5 136.2 140.1 143.7 145.1 148.3 151.4 153.5 157 160.1 161.9 161.4 161.3 159.1 156.8 154.5 153.1 152 149.8 145.3 143.3 139.6 137.6 134.9 131.9 130 127.9 125.9 124.4 122 119.7 117.7 115.5 113.3 111.7 109.9 107.5 103.9 98.8
120.7 120.4 120.6 120.9 121.2 120.5 120.7 120.5 120.7 120.2 119.5 119.4 119.6 118.9 120.2 120.7 120.8 120.8 121.2 120.6 121 120.8 120.9 120.8 121.5 121.3 120.9 120.5 120.7 121.7 121.9 122 122 122.6 123.3 124 125.8 126.4 127.6 129.6 131.8 135.9 139.1 142.4 144.1 146.4 148.6 151 154.6 156 157.4 158 157.3 156.6 156 154.2 153.1 152.2 150.6 149.3 147.3 143.9 143 140.7 137.9 133.3 131.3 129.4 127.3 125.2 122.8 120.2 118.2 117.2 113.8 111.4 108.7 106.6 105.1
121.8 122 121.2 121.7 122.3 122.4 122.4 122.4 122.6 122.5 122.1 122.2 122 122.1 121.5 122.6 123.1 123.7 124 123.5 123.9 124.1 123.3 123.1 123.7 123.8 122.9 122.4 123.3 124.1 124.1 124.5 124.7 125.3 125.8 126.6 128.2 129.2 129.9 130.7 133 134.8 137.7 141.5 143.6 145.4 147.1 149.7 151.7 152.2 153.2 153.5 153.6 153.8 154.5 153.1 154 151.7 151.4 151.2 148.1 147.8 146.4 143.9 140.3 137.6 133.1 131 128.5 126.4 124.2 121.5 119.1 115.8 115.1 111.6 110.7 108.7 107.5
120.8 121.3 121.3 122.3 121.8 122.9 122.9 123 123.7 123.9 124.6 124.3 124.1 123.9 124 123.8 124.5 124.7 125.1 125.2 125.4 125.9 125.8 125.2 125.4 125.2 124.6 124.6 124.6 125 125.7 125.9 126.5 126.8 127.6 128.5 129.9 130.9 131.4 131.9 133.7 136.5 138.3 143.7 144.7 145.4 146.9 148.2 149.3 150 150.8 151.6 152.5 153.8 153.4 153.1 152.4 151.6 151.2 150.5 148.8 147.7 143.5 143.1 138.7 138.1 134.3 131.3 129.2 127.1 125 122.5 118.5 117 115.5 112 111.8 108.4 107.7
